-0.00295626876832
4.13061764105
6.46850777431
8.51306425652
4.89437035337
4.60201165844
6.54170877048
4.649423036
5.80815469708
3.26381014117
7.05475210957
6.7125130423
6.57452962106
3.32537801338
5.26960253016
5.47345224811
8.00813865268
5.89986939159
8.77379544444
8.29286148594
5.01501872683
6.73918897385
6.01666024047
5.18812571163
8.40725039395
8.06167941755
2.23639927058
5.85674410208
8.24158186144
6.71229929639
8.07163236064
5.59033468226
5.45086346102
5.70764166548
3.71722777981
2.73749295353
5.92845334781
6.44009975969
5.63920136394
5.84169272117
8.67038792063
5.86259535049
6.15930985559
4.2601900734
1.72369761458
4.82922548522
2.47975678213
5.19678420509
1.17168940882
3.84097624937
4.40373123718
8.2059138371
7.85564793839
2.04479535652
5.22634757152
5.8923685581
5.84638540021
8.34707652368
6.90588462469
3.24995923053
5.70144463967
6.96383986391
8.47781215333
7.17182609191
6.153706019
7.53103803307
4.1599636221
6.00901202838
6.86861721457
8.14726263997
8.93479174969
8.04441930561
5.46636974172
6.01921830903
7.45292751103
4.49922995145
5.99240861618
5.54260885252
7.43900450785
7.86107909077
7.21762669325
8.40214072123
6.29061022817
8.03149914651
8.59879322489
7.43810549018
5.91740522793
1.91139430371
6.24942249039
8.42340483366
3.6639793745
8.10840817176
7.84802525197
7.93059552715
8.42218149472
8.52431842233
4.78883297043
8.61376580484
7.12664516493
4.19559718882
5.64309031733
7.9481845338
6.00905512199
8.4453327434
5.85898830019
6.03168204986
7.11096781211
6.32003328569
6.63754818842
2.83942333342
6.10439664701
5.78319925242
6.53322382493
5.23701691665
6.24848092226
3.42477386677
6.13559467838
6.78321031525
8.67186024877
4.97698066645
5.95466487786
8.50464899869
6.85355603357
4.87385590577
6.36094196754
7.95519024901
7.15040917119
7.68528451221
7.09098214008
1.79078233155
6.82204631579
3.22179641464
7.61325046697
9.14580341624
5.20465332045
5.83133895772
8.26040507346
7.96999272362
3.34541089637
7.36488624373
8.27527686773
8.40869247905
7.01380736238
5.95966778097
5.65004940955
5.37764472886
8.58966275209
5.83395352084
4.19747236754
7.74680061341
7.90726428343
5.30090017996
1.49122425434
5.03725728959
4.33274198477
3.45040627496
6.6866724277
8.00814958969
7.77249923371
8.74506985668
8.52782017243
2.79139679739
8.36114555262
6.23614674497
7.78474029588
6.15846181489
8.18171766716
7.02079311597
3.31055421341
2.72167942049
7.8844668986
8.929505813
6.40076962628
4.67295431395
6.69890384734
6.95542243477
8.25876931145
8.04252587946
7.11465880504
6.10613015875
8.71693069832
4.63562105968
