2011
3531
1237
1714
2587
415
1069
863
1999
1782
825
1957
594
1658
2126
1173
1194
757
175
2987
266
460
874
884
350
536
289
958
724
746
674
617
241
359
264
197
301
157
641
617
92
119
152
143
119
150
115
194
103
137
346
165
132
304
81
127
80
111
103
101
125
158
88
246
114
94
64
117
72
130
91
85
74
115
82
74
126
88
60
77
158
298
374
109
121
79
90
111
67
88
128
106
125
135
61
81
92
103
91
59
104
91
134
82
99
61
145
83
130
104
101
131
106
87
71
87
122
87
232
77
91
87
61
60
212
93
132
65
104
134
82
86
111
106
109
79
106
80
115
84
80
97
82
73
64
123
86
88
105
93
76
45
110
78
82
77
84
82
86
89
90
81
117
91
102
80
95
148
84
96
82
118
86
78
91
84
77
73
100
93
121
67
79
44
60
115
65
92
112
71
114
66
79
91
70
53
110
90
104
88
79
71
97
74
118
117
83
86
70
68
84
51
159
72
70
87
113
58
85
102
83
71
61
105
50
81
88
66
86
116
108
119
80
65
94
85
73
96
90
71
73
98
61
85
132
173
86
101
95
72
95
54
54
65
47
88
72
53
71
153
126
80
99
58
83
57
58
70
76
62
59
100
95
74
65
76
55
58
84
74
72
52
81
77
83
84
96
77
56
90
81
70
74
55
84
82
55
48
71
61
65
72
74
74
73
60
70
72
84
85
82
88
61
73
86
61
86
59
68
60
62
96
92
51
93
58
74
85
92
61
92
59
84
123
90
84
71
62
74
51
79
80
71
73
75
84
116
60
56
96
71
90
70
64
108
106
79
55
86
125
122
73
70
60
63
85
73
83
62
60
82
64
77
63
51
61
73
58
77
85
49
57
62
63
63
63
50
63
53
60
50
54
54
80
53
57
66
68
75
92
68
61
81
67
72
58
63
94
65
76
72
62
48
62
73
72
47
50
78
61
116
63
58
62
75
60
61
73
47
61
48
72
62
50
52
62
60
83
73
87
45
69
96
77
65
44
65
52
57
58
64
71
68
52
103
72
63
58
100
62
69
91
52
66
74
72
60
64
81
50
56
62
64
73
54
66
62
58
58
50
75
74
64
51
79
49
154
62
80
64
68
48
55
61
45
50
48
56
67
53
57
49
86
69
59
51
67
55
104
53
81
65
80
77
73
59
61
55
63
67
99
58
73
55
61
46
64
62
65
66
43
104
80
58
62
62
50
45
56
52
89
49
82
57
54
60
59
70
66
61
55
64
53
57
57
100
54
43
80
51
73
84
45
93
58
62
63
78
54
48
48
59
63
77
58
82
54
58
52
59
60
43
51
47
62
67
61
65
64
50
50
64
54
53
57
45
70
53
70
47
73
77
60
53
49
53
67
54
49
57
63
67
69
95
68
109
65
53
64
56
48
73
59
58
48
54
59
76
56
57
52
55
67
48
51
55
50
64
46
55
56
57
53
53
65
50
47
55
62
43
60
59
73
57
64
61
61
49
130
47
44
53
49
63
72
52
53
63
45
52
60
61
59
51
73
50
46
51
55
62
47
50
64
55
52
64
45
50
43
69
54
45
52
49
56
53
62
61
52
38
53
58
51
47
49
43
67
43
61
41
44
69
60
54
76
46
65
48
56
42
73
66
39
57
43
61
69
62
54
47
62
47
52
47
48
58
50
55
51
54
63
46
71
48
49
62
46
58
46
52
41
46
49
44
55
50
48
52
50
44
70
54
44
54
48
48
49
74
64
56
56
66
64
46
44
52
58
49
54
66
50
44
50
49
48
55
43
45
62
48
56
52
48
47
51
43
60
54
62
40
62
63
53
61
41
55
54
59
57
45
46
62
54
55
53
69
63
60
57
67
69
45
52
56
43
59
59
36
61
58
50
48
43
50
49
62
52
44
45
52
50
66
51
44
43
56
42
82
44
47
47
45
49
42
55
47
54
46
48
49
73
54
45
47
46
46
41
49
44
43
47
44
45
44
47
49
49
61
48
56
48
44
44
52
45
61
49
47
46
41
47
42
53
55
39
50
57
42
72
50
38
78
44
55
54
45
54
53
48
40
57
42
43
39
58
44
42
42
61
48
51
57
56
52
62
70
62
48
46
47
45
46
46
41
41
43
43
44
51
54
51
64
62
43
45
46
54
56
42
62
58
43
50
55
41
51
45
61
64
47
53
58
38
44
50
52
39
40
50
49
46
71
47
44
42
56
45
54
46
44
41
48
47
116
45
40
60
61
43
46
39
62
61
44
53
58
45
51
55
51
46
48
51
65
47
42
45
44
39
57
48
53
49
44
47
54
48
43
40
44
38
48
48
43
58
46
47
50
56
48
47
50
47
59
51
47
46
62
39
45
51
44
46
56
41
53
48
45
39
46
41
59
44
48
42
42
55
56
42
45
50
49
54
63
45
43
49
50
59
43
48
48
43
55
47
47
49
55
48
42
42
52
46
53
45
49
42
49
51
45
41
44
51
45
41
43
54
48
57
59
48
71
43
54
39
45
67
51
50
53
52
55
58
41
47
50
51
49
45
66
47
44
41
46
37
56
42
43
41
42
41
47
49
45
64
49
45
45
41
41
50
48
62
47
71
38
40
61
43
43
54
47
44
46
51
46
48
49
46
46
53
39
44
53
46
50
55
51
49
45
54
55
50
47
41
44
47
48
43
45
57
39
49
54
46
45
48
49
51
43
40
42
51
38
44
47
39
47
51
60
45
40
46
41
62
44
48
44
49
41
44
46
53
48
45
47
39
43
56
51
53
45
41
44
53
47
40
47
51
48
48
70
51
44
40
50
47
37
46
47
50
50
49
43
36
48
42
47
45
45
48
44
47
46
49
46
41
44
51
48
48
43
50
37
50
58
51
48
42
43
44
36
47
36
48
57
44
47
50
54
41
42
39
48
45
40
52
45
52
43
37
50
43
42
46
44
42
45
40
37
55
48
41
48
46
46
52
44
41
56
37
51
42
44
38
43
46
42
45
41
45
43
39
46
41
49
41
52
48
40
42
43
62
45
46
40
46
39
44
48
38
49
50
40
41
48
40
47
46
44
43
42
43
42
48
52
47
41
40
43
48
41
42
46
45
50
51
37
44
38
47
40
42
43
48
46
47
46
43
45
46
42
44
46
39
36
38
49
42
50
47
41
38
48
42
43
48
44
42
43
42
51
44
44
39
49
56
53
41
42
43
40
43
43
44
51
44
54
49
45
40
41
47
44
43
40
45
46
43
42
42
42
39
48
46
46
36
42
43
43
45
41
44
48
45
50
38
47
50
38
42
46
46
42
38
44
41
45
40
46
47
39
40
44
40
38
43
46
40
60
39
50
43
40
48
45
43
46
51
43
48
40
48
50
41
41
41
47
48
42
41
36
47
49
50
53
42
49
44
39
45
52
44
36
45
43
44
40
37
45
44
40
38
38
44
48
38
45
38
45
38
46
36
41
46
43
39
40
45
42
47
47
39
42
42
38
47
37
46
44
40
45
43
41
51
38
46
37
37
46
39
54
47
42
38
41
50
49
37
43
46
52
46
42
45
44
40
44
47
41
48
44
46
40
37
46
45
42
49
46
45
40
43
36
42
45
41
45
39
44
44
47
42
39
51
43
38
37
38
46
40
38
42
41
41
40
36
46
40
42
43
48
41
67
43
39
45
42
42
48
43
41
48
42
43
40
49
42
41
38
43
40
37
36
41
43
41
38
38
45
36
37
38
42
39
38
41
41
36
43
54
37
40
44
38
41
56
44
40
39
48
44
51
47
44
36
37
40
43
41
39
37
41
37
39
47
43
40
47
40
38
44
43
37
43
40
38
46
39
41
204
40
39
37
46
45
38
44
42
48
39
43
36
40
44
37
37
44
36
45
39
43
38
44
43
44
47
43
40
38
46
38
45
36
42
39
38
37
39
42
47
48
38
42
44
39
36
39
36
41
44
45
41
42
42
41
138
42
39
42
43
39
43
40
38
36
41
41
36
44
38
37
36
38
42
42
36
36
43
38
39
38
41
40
40
53
38
48
39
43
40
40
41
41
38
43
37
48
39
38
37
43
39
39
46
47
38
41
41
44
39
40
45
44
37
40
47
40
44
37
44
42
42
41
36
44
36
37
42
40
46
36
42
40
44
40
38
44
37
49
37
40
41
43
39
41
39
43
43
42
43
40
41
36
48
39
40
41
37
38
39
41
36
45
42
36
41
36
41
39
37
39
42
44
43
38
36
38
41
38
46
41
44
42
44
39
39
41
42
44
36
43
42
38
38
46
41
41
41
49
43
41
42
37
36
40
36
43
37
42
43
40
43
39
38
38
43
42
46
43
38
36
36
41
41
39
41
40
42
43
54
41
40
38
44
42
41
42
37
38
38
41
37
40
37
39
45
44
43
48
37
43
42
41
38
38
38
42
39
43
43
40
50
43
48
37
38
43
42
53
39
39
44
39
36
38
36
44
37
40
41
40
41
41
40
40
43
38
43
38
37
49
39
37
40
38
38
40
37
42
38
37
40
43
41
42
36
42
41
36
44
44
42
44
45
42
56
40
41
42
38
43
43
41
41
39
36
36
41
41
36
37
36
43
36
37
38
40
38
37
42
36
38
40
41
41
38
43
48
37
36
40
41
36
41
43
40
46
39
38
43
39
43
38
40
44
37
42
43
39
43
39
39
37
43
38
38
44
36
38
39
38
43
39
41
41
36
36
40
36
36
38
37
38
41
38
37
41
42
37
40
44
40
38
37
42
36
37
36
39
38
36
42
38
40
37
37
36
42
43
43
36
42
40
36
40
39
42
38
40
42
37
36
42
36
43
40
44
39
49
42
42
38
37
42
40
47
39
42
42
37
41
40
39
43
37
36
40
41
39
38
45
39
40
41
41
38
41
39
46
36
40
43
36
39
36
45
40
39
37
41
36
38
39
37
43
39
46
39
38
44
48
40
36
38
38
41
38
42
43
40
42
50
38
44
38
37
36
40
45
38
37
36
37
36
44
38
36
37
38
41
39
40
41
38
36
38
38
38
43
42
42
40
38
43
40
38
37
43
38
36
39
36
41
42
36
42
40
38
44
40
37
36
36
37
42
39
37
45
39
36
37
38
41
38
42
42
36
41
38
41
42
45
41
40
38
37
45
37
37
43
41
40
39
36
36
43
36
38
36
36
37
36
38
36
41
39
38
36
39
37
36
36
42
41
44
38
36
44
37
41
44
38
40
36
36
38
41
42
46
36
40
36
43
37
40
43
38
38
36
43
36
37
36
37
41
50
36
37
41
41
37
38
41
41
36
36
36
43
40
38
42
37
39
52
43
37
40
44
46
39
36
36
36
36
41
41
36
37
36
39
39
36
41
36
36
38
36
40
43
37
41
36
43
38
46
41
42
37
38
36
44
36
41
44
36
36
42
48
41
41
39
36
41
36
38
38
39
36
36
37
37
41
40
37
38
43
38
36
38
37
42
38
40
44
37
38
42
42
38
41
38
39
36
37
36
37
41
40
37
45
36
38
46
36
37
38
38
37
40
36
36
36
41
36
38
36
41
39
36
36
41
42
38
38
38
41
36
38
38
40
36
43
42
41
37
38
36
36
36
41
36
41
36
40
37
36
38
43
36
36
38
37
38
37
36
36
41
42
36
42
39
38
38
36
36
36
41
38
38
47
38
40
37
41
40
41
36
44
38
43
36
36
36
36
38
40
37
41
40
40
42
40
37
36
36
42
38
36
42
41
36
36
36
38
38
40
37
41
37
36
40
38
37
36
36
36
36
38
40
38
39
44
38
39
36
44
52
38
40
40
38
36
38
42
37
40
42
43
36
41
37
37
36
38
38
38
36
41
38
36
36
36
39
40
40
37
36
36
36
39
36
36
51
36
43
36
38
36
36
36
38
36
38
41
38
38
37
43
36
41
36
43
40
36
40
36
36
41
40
38
36
37
37
37
36
36
36
37
41
36
37
38
36
40
36
41
36
37
37
36
36
36
36
37
39
36
36
38
37
41
37
37
38
40
36
42
39
38
37
37
44
41
36
37
43
36
37
37
36
36
37
36
45
40
36
38
37
42
36
47
36
36
39
39
38
41
36
36
38
36
38
36
38
38
41
36
38
38
36
40
36
38
39
36
38
39
37
38
41
36
41
44
37
38
39
37
42
36
36
36
36
37
38
36
36
41
41
36
36
37
37
38
42
36
39
37
36
40
41
36
38
37
38
38
37
36
36
36
36
41
36
39
38
36
36
38
37
36
37
36
37
39
39
39
36
37
38
42
36
36
36
38
39
36
45
37
37
36
37
38
36
43
38
37
45
39
36
36
37
38
49
41
36
38
38
36
36
38
36
36
36
36
38
36
36
41
40
36
36
40
41
39
36
38
36
36
36
36
36
38
36
41
37
36
36
38
38
37
38
36
36
37
36
43
36
38
36
36
36
39
41
36
36
38
36
38
40
40
41
38
36
36
36
41
36
36
39
38
39
41
36
37
36
36
37
39
40
36
36
38
44
36
36
38
41
36
36
37
36
36
40
37
37
42
38
38
39
36
41
38
39
37
37
36
42
36
41
37
41
38
36
36
37
41
36
37
36
37
36
37
41
36
38
36
40
36
38
36
36
36
36
36
37
41
36
36
38
36
40
42
41
36
37
42
36
38
36
36
36
36
38
36
40
38
40
41
37
36
36
36
36
36
38
43
38
36
36
37
38
37
37
37
36
36
36
36
36
36
37
37
37
37
36
37
42
36
37
36
36
38
36
36
36
37
38
36
36
36
42
36
37
42
36
41
36
36
36
37
36
38
41
41
38
36
36
39
38
41
38
39
36
36
36
37
38
36
37
41
41
38
37
36
36
36
45
38
36
36
36
38
36
41
36
36
38
37
36
36
36
39
36
36
38
42
36
36
38
36
38
39
36
41
38
36
36
38
38
36
36
36
36
37
37
41
36
36
38
40
36
36
36
36
43
37
37
38
38
36
36
36
36
36
41
36
36
39
38
36
36
43
38
36
36
36
37
36
38
37
36
38
36
36
38
38
39
36
40
36
38
36
38
36
36
36
41
38
38
36
36
36
38
38
41
36
36
36
36
37
40
37
36
36
37
37
43
39
36
36
36
36
36
36
38
36
36
36
41
36
41
36
38
42
36
36
36
36
38
38
36
38
36
37
37
41
36
38
40
38
37
36
36
41
38
36
36
40
36
36
36
36
37
38
39
38
37
36
36
36
38
37
36
39
37
36
36
36
41
36
42
36
38
40
38
37
37
38
37
36
36
36
36
37
41
36
36
36
36
38
41
47
36
36
36
36
37
36
36
36
36
36
42
36
36
37
38
37
38
37
36
41
36
36
37
39
38
38
41
37
36
36
36
36
36
37
37
37
36
38
36
36
36
41
40
36
38
38
41
36
