1031
2403
1577
1454
2787
1218
4200
2363
4891
383
2153
1786
1729
1063
2548
1512
698
881
1929
1461
201
957
649
688
419
372
1035
857
799
775
903
520
643
1134
1383
472
325
955
1124
764
595
976
1762
279
941
754
543
339
157
397
543
1350
403
974
182
1065
569
189
460
393
514
605
306
523
1478
555
406
125
436
354
623
670
157
361
249
495
225
154
207
168
125
417
204
258
314
189
187
130
175
75
186
101
120
124
146
93
105
106
128
103
115
112
123
97
91
120
109
111
90
125
86
116
81
115
99
108
111
162
181
118
114
101
129
117
102
113
115
86
78
134
84
89
100
96
86
106
97
139
97
119
76
128
80
105
99
108
101
107
93
70
105
101
98
82
127
101
101
85
88
94
90
88
84
85
87
71
90
92
92
104
130
90
111
89
109
129
100
96
97
71
103
63
95
133
114
92
112
88
87
93
76
104
97
84
112
70
82
109
93
93
81
96
100
87
114
103
88
91
90
113
87
105
92
70
83
94
96
107
88
90
82
87
82
83
97
82
84
64
104
84
73
129
71
88
77
76
125
106
60
75
93
73
103
76
86
114
84
76
117
120
93
86
102
60
76
100
98
65
69
79
96
78
94
61
141
98
99
83
93
78
83
97
105
79
124
65
90
66
90
91
87
116
116
101
91
94
89
103
84
98
75
124
86
88
88
79
133
60
89
79
70
88
88
91
99
61
68
86
90
77
68
96
94
99
100
91
63
69
88
84
78
89
68
79
79
93
79
102
89
82
72
73
72
92
90
71
77
65
74
84
102
77
95
72
83
101
87
72
89
78
117
88
94
79
73
78
74
106
66
93
77
77
86
70
105
85
69
88
58
80
81
72
80
76
90
134
80
80
75
88
94
78
98
87
87
57
71
65
99
68
81
103
75
79
92
73
85
83
66
67
76
93
84
64
63
78
76
61
87
71
79
95
77
98
83
115
78
77
77
65
64
63
72
99
72
83
81
84
66
72
71
64
70
69
81
76
79
73
76
99
74
80
82
87
63
84
92
77
85
85
70
81
98
61
72
79
79
66
69
75
88
96
77
82
82
73
72
78
71
60
68
95
75
85
77
59
79
60
71
81
64
80
98
78
75
90
72
75
72
69
89
70
68
71
72
75
65
67
68
72
68
82
58
78
65
71
67
87
93
92
76
77
83
88
69
68
80
64
73
75
81
76
75
78
67
77
76
83
83
64
60
71
79
74
62
94
72
82
79
73
70
65
88
74
76
65
74
61
62
69
75
67
64
66
66
68
70
72
78
70
80
90
77
64
76
76
72
76
65
87
66
65
68
73
64
63
64
53
73
81
51
58
63
77
68
56
67
73
55
60
75
72
53
62
69
81
75
67
70
73
77
78
75
67
81
78
79
68
70
77
64
65
69
63
75
77
61
61
68
58
75
75
71
66
69
98
77
75
75
67
63
78
83
91
77
74
60
80
61
71
58
67
61
75
67
69
71
75
70
82
74
57
65
63
55
72
76
61
59
65
59
74
54
79
70
69
62
74
72
73
74
60
77
63
58
80
59
54
83
63
66
67
72
65
71
64
59
70
77
61
67
60
67
58
55
68
70
55
59
61
74
79
63
62
62
57
64
60
63
67
67
67
61
76
66
51
63
69
59
59
54
61
67
70
58
54
62
58
71
62
64
63
56
59
66
73
66
62
60
69
59
61
58
62
55
63
103
69
51
79
71
62
74
93
67
85
64
72
55
68
69
66
64
58
79
55
58
63
58
60
68
70
65
62
64
53
64
59
65
66
64
61
64
83
74
54
68
65
82
56
52
60
69
74
66
62
52
66
67
50
57
68
77
59
64
59
65
60
52
52
70
61
55
62
65
62
48
54
56
69
51
56
78
71
60
55
68
69
55
63
67
65
52
51
77
58
61
57
61
70
58
61
57
86
62
66
52
52
60
55
58
52
62
55
62
67
60
65
62
63
59
54
57
59
59
61
68
60
56
63
57
73
60
59
58
75
63
59
53
55
59
65
51
53
59
56
55
72
64
68
56
63
58
66
61
56
54
54
72
56
76
59
73
64
60
74
63
69
51
55
67
54
52
55
61
54
64
60
56
64
59
61
61
64
59
54
62
59
55
54
62
57
52
57
63
55
64
72
59
64
58
59
61
61
61
67
47
57
57
58
53
61
55
52
57
55
64
54
52
54
62
55
58
56
54
67
71
53
52
55
58
68
50
59
58
62
63
53
54
50
47
53
56
61
57
63
64
66
48
60
54
54
58
58
56
62
58
62
55
69
63
52
52
58
55
57
57
58
65
58
67
56
61
63
52
71
52
60
60
53
54
53
54
51
50
58
61
51
55
51
53
61
54
61
48
56
64
51
56
60
55
60
54
51
74
53
55
51
57
54
49
52
65
55
59
66
57
50
55
50
54
67
50
70
56
48
56
51
47
47
62
55
60
63
74
59
53
46
55
56
58
47
55
61
68
55
59
55
59
68
53
58
59
58
55
52
59
59
51
59
58
60
64
53
67
62
63
57
57
51
58
69
59
59
56
62
65
61
55
51
53
60
52
72
56
60
61
50
47
69
51
60
55
56
65
61
55
66
64
58
48
55
51
59
59
52
58
55
54
56
60
52
48
53
63
70
56
49
48
64
58
60
49
54
50
65
65
52
54
48
52
54
51
60
53
58
57
55
54
64
53
59
60
60
47
59
53
53
53
59
49
56
59
56
55
48
49
50
52
51
52
60
54
57
57
48
54
46
66
50
50
50
62
49
50
58
57
50
52
52
50
56
55
51
52
53
63
58
52
58
49
48
57
60
54
48
59
52
50
58
55
56
59
50
58
53
51
46
59
58
50
51
58
56
61
56
56
58
65
58
58
49
52
60
53
53
56
54
51
54
46
52
55
54
56
50
51
57
60
50
55
56
50
50
52
55
47
49
53
55
53
53
58
63
47
52
57
57
53
56
58
54
51
45
61
57
52
49
59
58
49
50
58
64
56
56
57
56
51
49
59
59
54
58
58
54
50
50
54
55
63
55
51
54
58
47
48
52
49
57
60
62
59
50
61
54
53
51
55
58
60
52
52
51
58
56
56
56
47
59
62
52
57
49
57
62
52
50
53
52
49
61
54
48
52
53
57
49
53
51
48
49
62
50
57
44
48
47
52
47
52
53
55
51
47
51
47
58
55
49
53
48
54
56
60
52
48
55
53
51
53
46
51
52
52
52
59
61
46
52
49
57
58
50
48
52
50
54
55
56
49
51
50
53
46
47
48
59
46
52
47
59
56
50
52
50
60
50
52
59
49
54
50
52
56
52
56
51
53
46
51
58
50
46
50
49
51
52
51
50
54
58
51
57
54
59
51
57
58
47
52
50
49
47
53
46
53
61
51
47
56
53
49
54
56
50
57
51
59
51
55
49
53
51
52
51
53
50
55
50
54
55
54
51
50
54
50
51
51
47
59
52
49
58
45
49
50
61
48
46
52
53
50
55
48
56
53
52
49
57
52
49
44
56
52
51
50
46
52
48
57
48
58
47
66
57
56
52
61
48
45
56
44
52
52
47
49
47
48
48
51
56
51
52
56
51
46
50
58
52
49
49
54
48
49
49
50
61
52
55
51
51
49
50
51
52
50
56
56
51
61
55
50
54
49
54
46
48
56
49
53
50
53
65
50
50
51
46
48
58
49
48
53
51
47
49
52
50
56
47
51
53
51
55
55
46
49
49
48
53
54
51
47
46
46
51
48
54
54
48
57
47
61
45
46
50
48
48
51
50
53
50
51
53
47
59
44
48
60
48
51
44
52
56
50
47
52
51
50
52
48
45
47
48
46
49
49
49
51
55
48
49
52
47
46
55
49
56
46
59
48
54
58
54
52
49
46
50
54
51
50
53
49
50
54
46
52
50
53
48
55
48
52
49
48
47
52
46
48
50
49
46
53
57
46
50
46
50
47
49
48
51
49
51
53
50
47
48
49
53
50
51
55
44
49
51
49
53
53
49
48
51
53
56
51
48
53
50
45
48
48
50
54
49
45
45
54
53
51
54
48
51
46
56
49
46
47
56
44
50
50
46
48
58
52
55
52
48
44
48
47
50
51
48
46
51
47
45
47
44
55
44
52
50
48
51
46
47
50
49
55
47
46
46
54
47
46
46
54
50
51
50
45
44
47
47
47
47
47
54
47
44
51
54
54
50
49
44
47
53
48
55
46
51
49
46
53
46
49
50
49
49
55
48
49
59
47
45
50
48
54
50
54
44
47
52
50
51
50
49
50
52
48
51
51
49
44
47
54
48
48
50
47
52
49
45
46
50
50
48
47
50
48
44
47
48
49
46
54
48
45
50
46
49
45
53
47
47
47
46
48
51
45
53
52
51
48
47
47
51
48
48
54
50
49
54
48
46
50
52
47
56
49
52
46
47
48
47
46
44
51
51
48
49
49
51
48
49
52
44
54
51
51
47
46
47
45
52
49
46
45
52
48
46
47
49
49
53
48
48
52
47
49
51
53
49
49
51
46
48
47
49
48
51
54
47
48
52
49
49
50
45
50
48
48
46
48
48
49
49
50
47
47
50
47
50
46
48
48
51
46
46
48
47
44
44
47
48
49
46
47
54
45
49
49
46
51
48
53
51
52
50
46
46
