5093
2960
2016
700
1912
625
2974
2753
2210
1147
1689
661
2363
1930
1532
3321
418
1149
306
1353
1251
1124
1139
307
974
639
614
928
666
792
1344
1540
295
152
587
1015
519
800
214
455
201
127
1062
487
439
348
148
651
176
383
643
381
171
230
164
280
235
175
256
140
89
241
121
105
119
132
97
112
126
269
90
96
164
96
101
92
105
110
158
133
142
116
167
135
145
146
102
161
83
104
116
90
91
108
92
100
108
157
117
362
121
88
88
109
85
79
113
83
89
119
88
102
91
76
113
80
140
120
113
123
107
120
111
57
79
87
108
135
131
131
98
140
98
111
107
104
74
111
90
136
114
81
111
76
113
105
164
101
111
100
84
135
105
98
113
72
98
87
88
111
82
87
103
100
94
85
86
108
98
79
106
95
115
128
121
77
414
99
95
131
93
101
104
107
91
96
81
89
98
86
110
88
113
89
84
62
112
113
103
93
89
60
83
90
96
112
89
123
97
107
95
131
69
86
91
96
93
73
74
100
90
104
89
102
84
149
93
106
83
76
93
70
108
81
105
95
72
119
110
104
93
101
77
87
73
77
83
129
81
106
109
101
62
85
93
94
84
81
105
71
95
71
68
107
103
78
103
74
61
95
82
131
75
112
101
67
86
98
78
74
93
85
144
79
69
82
95
81
100
78
89
92
96
105
68
119
116
82
98
110
81
63
97
73
83
78
81
79
86
101
60
72
77
102
58
55
84
64
84
102
93
82
104
98
91
82
78
116
84
105
61
86
89
73
125
93
99
87
77
100
106
62
92
111
87
65
60
90
71
78
74
102
82
81
93
61
91
96
67
95
86
74
62
98
97
95
86
110
84
79
78
93
68
73
67
97
113
67
70
69
72
73
70
108
98
90
71
82
71
59
68
75
73
60
67
78
102
99
97
81
77
68
70
79
80
82
86
79
65
82
66
93
82
99
70
77
71
59
70
71
82
83
81
67
76
65
70
78
82
75
65
65
46
76
82
66
74
85
86
93
63
73
67
70
71
97
71
68
73
69
67
67
63
77
78
87
67
65
84
79
78
80
70
73
73
59
56
75
69
80
81
75
58
105
102
74
90
84
72
64
77
97
81
65
74
93
68
87
97
83
65
75
98
86
69
67
75
72
68
71
93
67
79
69
85
67
73
65
63
61
65
88
56
71
63
69
73
88
68
74
57
66
72
79
64
84
76
61
84
88
70
77
92
78
83
71
76
68
69
84
70
74
79
76
70
58
68
78
79
55
62
63
72
61
60
70
60
65
76
77
57
73
67
86
73
78
67
65
89
67
67
90
73
63
66
67
79
60
65
63
67
72
66
71
66
78
56
65
74
77
62
72
62
66
70
56
57
73
73
65
78
60
73
70
75
73
71
69
59
69
52
96
69
68
72
76
67
61
66
72
62
73
62
106
69
60
65
65
63
54
72
70
55
73
72
73
60
70
72
59
50
58
58
51
77
69
55
54
67
70
54
68
69
72
77
69
80
75
81
82
78
56
52
87
57
64
80
75
83
65
76
64
64
63
62
60
75
63
56
62
72
56
52
87
63
84
75
65
53
55
54
55
66
62
70
63
67
57
65
67
81
70
66
59
72
61
68
74
63
78
76
55
51
68
61
61
72
62
63
80
66
58
51
53
70
60
73
59
61
51
61
76
70
70
80
62
72
58
56
58
72
67
66
63
64
71
55
57
57
70
61
57
69
62
60
49
77
71
54
58
64
74
67
64
69
64
66
61
63
60
55
68
58
57
69
58
72
61
59
73
56
59
78
77
56
65
69
52
60
64
59
52
62
60
54
62
66
74
57
49
61
82
66
52
60
61
73
57
67
70
63
62
55
49
61
64
68
62
87
74
66
62
60
52
58
53
70
72
51
64
64
55
60
70
69
66
56
63
58
68
65
62
67
65
61
61
68
70
61
49
59
71
58
55
51
69
52
75
71
51
57
63
74
50
54
49
54
55
53
60
59
52
61
60
71
63
54
69
70
50
63
65
57
57
70
57
69
56
60
64
70
64
57
58
55
61
57
64
64
50
69
61
52
55
82
61
61
68
53
55
57
48
63
64
58
81
64
57
55
55
58
64
59
63
68
53
55
69
54
57
52
63
51
59
65
58
54
65
56
59
53
68
53
52
83
48
56
64
56
57
64
76
55
53
55
61
53
63
65
56
56
50
68
60
51
60
56
59
55
60
65
57
68
67
60
60
62
62
53
61
51
58
62
67
53
66
63
63
56
59
63
62
55
59
54
58
58
63
67
61
52
56
59
52
49
54
57
58
63
56
55
60
55
48
64
58
55
53
50
64
55
53
51
55
59
62
60
57
59
52
58
57
59
58
57
57
56
55
60
54
53
62
55
62
56
64
52
58
59
48
54
56
57
58
62
54
53
62
64
70
61
58
49
66
62
60
58
64
56
53
55
52
62
60
47
55
57
57
49
51
49
54
58
56
62
52
46
46
62
61
59
60
59
61
50
67
54
57
65
58
49
58
63
53
54
60
51
58
49
54
59
60
56
56
53
51
55
57
48
56
56
52
57
56
58
52
55
58
54
57
55
56
57
55
53
60
59
55
56
71
57
55
51
52
49
52
59
56
62
52
56
53
59
51
58
53
56
48
50
49
51
54
44
52
45
58
50
52
53
62
57
61
62
55
49
52
65
53
53
61
55
57
49
65
54
48
71
53
55
51
58
55
57
54
51
52
53
53
56
59
49
66
51
54
48
62
49
53
52
49
63
49
62
53
54
66
48
57
51
60
55
52
67
51
64
56
51
59
58
53
52
56
61
57
50
56
54
50
60
56
52
62
53
51
66
52
52
53
48
46
62
56
50
54
47
58
54
57
66
55
54
60
52
51
51
46
60
56
52
57
63
55
50
56
52
58
54
51
57
52
52
54
46
58
51
53
53
52
50
51
63
51
50
47
53
57
52
51
45
54
59
53
49
49
53
57
50
51
52
52
57
53
46
55
48
50
63
59
47
53
49
54
56
49
49
57
55
51
51
56
55
44
50
54
50
50
52
52
52
54
56
50
46
51
52
50
51
54
60
51
50
50
62
47
48
54
59
49
62
57
44
58
52
56
52
47
54
51
57
51
49
49
51
50
56
51
54
52
49
55
53
60
56
51
50
50
48
46
55
51
50
56
57
54
49
54
44
60
57
48
58
57
45
54
48
54
55
51
53
55
56
50
57
52
50
49
56
54
62
48
53
57
50
50
52
46
47
55
53
46
59
52
50
49
52
53
47
53
48
57
48
51
58
55
45
51
51
56
49
50
48
51
51
55
48
48
49
46
53
57
61
48
60
61
47
50
53
59
48
54
53
64
48
52
56
46
50
51
46
50
54
57
50
59
51
45
50
53
52
55
54
52
54
55
50
46
54
48
52
44
53
57
55
49
48
57
50
54
55
55
48
52
49
50
53
47
60
57
48
49
61
46
53
53
53
48
57
52
47
52
58
52
49
54
54
48
55
46
54
51
51
49
55
48
46
47
48
58
47
50
46
48
54
47
56
51
46
50
51
51
49
50
52
56
56
47
46
56
46
51
47
49
48
52
48
48
50
45
48
48
49
48
54
45
48
53
46
50
53
50
52
59
49
50
47
49
48
54
57
55
46
60
49
48
45
48
58
50
45
57
54
46
56
54
49
48
51
45
46
51
46
52
48
48
56
48
48
51
48
61
49
50
53
52
55
51
51
44
47
57
49
54
51
46
54
49
54
56
46
48
48
49
47
50
51
55
46
47
63
52
60
55
48
47
48
48
50
52
56
48
52
55
52
44
47
57
46
48
47
48
49
53
53
55
51
52
50
55
45
44
54
50
50
47
50
51
57
55
52
49
46
50
47
49
48
50
59
48
49
51
46
49
50
47
51
54
44
48
49
52
46
50
52
55
46
47
46
53
53
52
50
46
56
49
46
55
52
48
52
55
52
47
54
47
53
44
50
49
48
48
51
47
44
46
47
52
53
46
51
49
50
48
48
45
51
52
46
48
49
46
54
45
44
53
44
46
47
48
45
51
44
47
45
52
55
46
50
47
44
50
48
47
44
47
50
51
50
50
53
52
54
47
49
48
50
44
50
52
52
50
44
53
50
45
47
47
46
51
50
49
48
50
46
45
53
50
48
52
51
50
49
50
50
50
48
52
50
51
50
47
44
44
56
51
47
51
47
46
44
48
49
47
51
48
48
46
50
55
46
50
52
52
53
47
52
55
46
47
45
46
46
49
49
45
48
55
52
45
47
49
46
49
54
47
46
47
46
49
47
48
48
45
50
52
47
51
51
47
48
53
52
45
50
46
46
47
49
54
49
46
48
45
54
47
49
49
50
48
50
47
51
48
46
46
50
50
46
49
46
51
60
50
44
47
50
51
49
50
44
56
49
48
44
48
46
49
48
47
46
52
51
44
51
46
49
50
44
52
57
51
49
47
46
49
52
44
44
53
45
45
49
47
49
47
44
49
47
48
44
48
47
49
47
47
48
45
46
44
50
46
49
51
49
47
45
44
44
51
48
47
50
47
47
48
54
53
50
44
45
51
48
47
44
47
46
44
50
48
47
51
47
47
48
44
50
45
47
50
47
53
46
50
47
48
48
49
48
47
47
46
45
46
48
48
45
44
45
46
49
48
49
47
48
47
49
51
52
47
50
47
48
49
44
45
46
48
49
45
45
44
46
49
49
50
49
53
49
54
46
47
47
44
49
48
47
44
44
46
48
46
49
49
46
48
48
50
46
44
50
46
46
52
45
47
47
49
48
44
44
45
48
48
49
49
47
46
44
48
50
56
46
44
52
44
52
45
47
49
46
49
45
50
47
53
46
47
50
51
47
46
44
45
47
50
44
45
46
48
47
44
58
44
48
50
47
45
44
48
45
47
45
44
50
51
51
47
45
48
49
46
48
44
44
45
46
49
48
46
49
54
47
46
44
49
50
48
46
46
49
51
50
53
47
44
50
47
55
47
45
48
49
49
48
47
46
51
50
45
50
46
45
51
52
45
44
52
44
46
46
51
44
44
48
51
46
49
44
48
48
48
46
47
44
44
46
46
48
46
44
47
46
47
52
45
46
48
44
45
45
49
45
44
46
49
50
46
46
46
48
44
51
44
48
46
44
46
51
44
48
53
44
48
46
46
48
48
46
50
47
46
48
49
45
47
46
47
47
47
54
44
47
48
44
48
44
48
47
46
48
46
47
46
47
45
46
50
51
46
47
46
48
44
44
49
46
51
44
46
45
45
44
47
46
48
48
50
46
44
47
44
50
55
44
45
45
46
