10588
1444
4436
6654
787
3584
1540
1128
2853
1243
3688
1418
2127
2205
695
1385
2256
189
1767
823
1332
570
808
803
177
213
708
845
664
771
434
362
190
223
133
103
99
114
175
124
142
215
142
139
122
226
124
184
139
134
133
87
132
140
147
87
117
138
116
149
82
102
110
90
133
124
173
123
93
138
89
103
94
112
133
140
121
160
148
118
136
100
131
109
132
146
94
107
153
84
132
87
112
96
127
157
151
79
97
86
90
143
102
77
98
89
110
107
106
129
132
113
78
87
141
117
111
145
98
91
94
96
75
130
156
100
117
85
98
101
99
90
120
109
65
104
106
83
85
118
87
106
133
85
106
93
120
80
136
72
120
76
82
88
86
119
97
108
80
141
87
85
70
109
90
94
116
110
69
82
86
101
109
103
113
76
83
85
92
118
94
101
93
81
86
77
125
96
74
72
83
100
69
79
104
112
63
76
120
100
113
86
101
87
123
86
137
98
89
89
112
102
92
94
61
101
103
116
66
87
137
92
114
110
75
112
104
130
77
67
101
64
96
84
114
96
76
77
87
106
98
85
84
91
90
75
82
93
67
83
89
87
71
64
85
93
60
69
73
87
77
73
72
67
81
95
110
76
71
69
119
86
90
77
95
86
76
87
92
84
71
117
82
75
85
83
85
85
76
70
80
110
83
94
80
83
97
81
73
88
94
79
70
62
91
98
99
81
96
77
79
112
103
93
82
80
72
120
98
77
63
103
66
71
89
74
91
97
88
79
90
69
107
84
84
87
83
71
66
82
84
85
98
76
77
76
96
90
66
92
69
98
68
74
76
68
79
74
83
77
81
92
81
64
83
96
89
67
93
75
59
79
100
66
73
103
91
72
90
95
85
87
59
73
63
62
70
68
75
60
70
75
75
88
92
85
77
80
66
68
71
76
79
66
86
89
97
65
71
75
79
68
83
54
84
77
64
79
74
62
85
88
84
65
84
84
101
77
81
71
79
63
58
86
74
72
85
83
85
77
87
65
90
81
59
49
76
65
98
77
97
69
69
91
80
82
64
79
70
84
62
76
71
87
82
72
58
69
60
67
56
65
79
96
89
76
78
93
57
79
83
66
78
68
82
58
64
93
80
86
84
65
65
78
81
80
66
76
69
74
81
71
78
80
80
58
74
86
68
71
57
48
58
70
75
78
74
67
64
80
70
67
61
76
69
74
58
75
95
73
56
66
60
72
74
79
67
73
84
53
67
70
86
82
81
81
64
70
68
99
68
73
70
82
56
63
65
72
78
62
69
57
75
52
69
76
63
62
71
85
80
95
61
66
71
84
73
87
72
68
68
70
71
69
72
60
50
77
60
66
69
69
82
62
81
72
60
69
67
65
62
89
81
67
65
69
73
64
56
72
58
77
65
63
74
69
83
65
82
65
58
67
73
77
67
54
53
59
77
77
63
92
73
59
86
67
65
64
64
62
71
57
64
58
78
67
67
70
86
52
55
69
56
72
50
66
55
78
81
73
59
70
68
54
64
67
74
58
76
57
64
69
74
59
66
63
65
62
50
62
64
69
70
64
61
74
57
64
77
62
61
59
58
74
66
66
50
58
78
60
65
68
81
62
75
60
70
70
73
69
72
72
54
73
67
63
60
62
69
58
62
54
56
62
58
61
53
53
52
68
77
65
61
67
64
72
50
60
65
57
67
67
87
54
67
54
69
60
58
55
66
66
60
72
56
74
61
76
65
60
49
67
66
62
58
68
64
54
75
58
79
67
73
76
58
58
59
69
54
57
56
58
58
66
63
70
55
71
59
77
62
62
61
63
62
60
49
53
74
69
56
51
52
69
70
71
72
65
60
62
70
46
57
71
67
63
55
56
68
68
62
56
57
59
66
58
50
69
76
59
65
60
68
63
61
74
57
66
58
64
64
70
67
58
64
72
71
62
66
61
57
58
62
57
60
63
64
56
71
79
53
75
55
58
74
71
67
57
56
57
65
52
54
59
46
47
59
64
59
54
58
57
70
51
67
51
65
61
68
47
55
66
59
60
62
54
58
61
55
50
63
55
65
46
58
67
61
50
59
54
59
64
58
56
60
62
72
58
53
52
59
56
78
59
60
66
52
51
59
60
53
66
59
49
54
52
47
66
60
56
53
54
51
70
59
74
50
61
55
54
59
51
49
66
61
56
71
63
54
72
67
71
64
65
59
56
59
53
56
66
48
63
65
62
62
58
78
62
57
57
49
62
53
62
64
59
55
59
52
56
74
64
54
51
66
72
54
60
61
65
54
57
65
74
63
56
52
54
50
52
55
58
61
55
66
57
57
57
52
62
59
54
55
55
59
62
50
58
52
56
55
53
53
58
66
63
65
54
52
50
54
65
70
59
62
77
64
53
58
54
52
59
54
65
55
52
63
62
50
55
59
58
57
54
51
51
46
67
55
50
52
55
60
58
57
62
63
61
60
59
56
55
55
59
75
50
78
54
55
48
54
54
61
54
67
53
55
54
56
51
49
55
56
54
56
57
56
53
52
56
50
59
55
56
59
55
52
68
61
58
56
57
54
57
62
53
51
61
57
54
66
55
57
56
57
58
48
58
72
47
57
52
51
53
57
54
54
50
61
53
55
64
60
53
57
61
56
45
55
64
48
55
63
49
68
49
61
56
51
59
55
59
53
55
49
57
60
54
56
57
52
52
56
53
53
50
61
53
50
47
57
52
63
48
63
51
48
56
59
51
57
62
54
55
50
56
50
61
51
57
56
59
55
52
59
48
45
48
50
49
52
55
54
51
51
58
71
48
48
50
55
54
61
63
56
49
57
48
46
52
57
61
57
54
57
54
54
49
58
50
59
52
62
48
48
54
60
56
56
54
53
56
58
58
60
61
48
57
54
46
54
54
52
49
59
63
50
47
52
59
52
67
56
54
49
53
60
49
58
50
52
50
46
47
63
49
50
57
54
49
51
55
55
52
57
48
60
56
56
57
55
53
50
56
53
50
54
48
57
50
62
48
46
53
45
56
54
55
51
53
64
54
50
53
49
49
52
52
47
45
48
63
53
54
48
54
47
57
58
63
52
61
58
58
52
51
50
58
55
46
51
47
57
50
53
50
47
52
53
48
54
50
50
53
53
57
51
58
54
51
51
47
51
56
54
49
47
57
52
51
64
53
47
57
45
49
62
58
47
51
51
54
52
48
52
47
56
56
46
50
54
54
54
54
53
58
49
54
53
66
55
58
57
54
55
51
54
50
45
62
48
44
50
53
48
55
50
55
54
50
50
50
53
52
51
54
50
50
50
51
65
44
52
51
50
47
57
52
62
49
54
50
52
44
51
57
47
49
65
54
53
52
47
53
66
53
50
52
63
49
48
49
54
57
53
49
54
49
51
54
59
50
56
49
54
49
53
58
52
51
56
53
56
52
53
46
51
52
49
53
55
50
44
51
54
52
52
53
47
50
50
51
58
56
47
53
50
45
46
54
51
54
49
52
44
52
51
51
53
49
48
48
52
53
53
48
56
61
48
50
50
48
50
50
48
59
59
45
48
50
51
49
44
47
50
63
57
47
49
51
55
53
49
46
53
51
61
59
50
49
56
48
54
51
66
49
52
51
49
52
53
48
59
55
54
46
49
50
52
51
52
48
52
49
48
49
49
48
55
55
51
61
48
49
57
51
51
49
51
49
60
51
46
47
51
46
49
47
48
46
52
54
60
49
48
57
50
48
54
47
53
46
57
52
47
50
44
55
54
51
47
53
57
48
49
46
51
49
45
67
44
49
55
46
63
51
48
49
53
53
57
47
46
51
48
52
57
47
48
46
48
50
48
50
45
50
49
51
48
51
52
48
46
48
55
57
63
48
46
48
47
50
46
47
52
48
54
50
48
50
50
48
47
47
45
52
44
44
48
51
50
50
47
48
46
57
47
46
50
47
54
47
47
48
45
49
50
49
46
51
46
53
54
51
47
54
50
44
50
54
48
48
48
48
47
54
48
54
53
48
55
47
48
53
48
50
50
47
48
47
52
49
49
47
45
46
47
47
51
47
56
48
48
44
45
44
50
49
49
47
48
49
51
50
57
45
46
51
47
44
46
50
51
49
44
52
48
50
48
52
46
55
49
48
48
47
44
45
48
54
51
56
56
50
49
49
47
54
45
52
56
47
45
50
48
53
52
46
47
48
48
51
47
47
48
44
50
60
47
48
46
51
47
45
45
50
54
50
51
57
48
44
46
45
48
45
48
49
51
49
47
52
46
47
49
46
50
49
57
53
53
54
50
44
52
46
47
45
59
44
47
47
49
50
47
50
50
47
51
45
48
47
53
52
44
45
47
46
45
44
44
49
46
47
50
50
52
44
46
50
48
44
47
48
46
52
49
51
46
52
50
47
47
48
45
48
53
50
46
47
52
50
50
51
47
44
46
44
48
52
45
50
50
53
49
47
50
59
49
45
53
53
48
52
45
45
49
55
53
45
50
47
46
46
45
44
46
44
44
58
49
50
50
51
50
49
48
46
47
46
48
52
46
47
45
53
46
46
46
46
52
46
54
47
50
50
51
48
45
53
52
48
44
50
48
47
50
46
47
52
46
50
49
49
51
47
52
46
50
49
48
52
54
46
48
45
50
46
48
51
48
46
47
47
49
48
47
45
47
55
48
46
52
53
51
57
47
46
55
45
48
51
47
48
50
47
47
47
46
47
46
45
50
48
44
45
49
47
51
47
46
52
45
47
48
48
49
51
47
45
48
49
47
47
48
46
51
45
47
44
47
54
55
45
47
44
47
46
46
46
45
48
46
51
45
47
47
46
49
48
45
44
48
45
46
48
51
51
44
44
48
44
45
46
50
46
46
49
48
44
46
51
46
49
54
44
50
47
50
48
48
46
50
46
50
51
50
45
45
48
54
44
44
46
45
47
49
46
46
46
51
46
49
45
49
50
46
46
48
46
44
45
48
48
44
47
48
48
50
44
46
49
50
45
47
45
48
51
48
47
49
52
46
53
46
46
45
44
48
44
44
44
48
44
48
47
45
48
46
48
46
51
46
44
47
48
50
48
50
50
46
51
45
48
48
51
44
52
46
48
51
46
49
47
44
50
49
49
50
47
44
45
44
46
46
46
46
44
45
46
48
45
51
48
46
46
48
52
48
51
47
51
46
49
48
47
45
46
48
44
48
46
47
47
49
47
47
46
50
45
44
54
44
47
44
