25099
3680
2312
9902
5786
3854
1359
3765
9714
715
387
3562
4663
1093
5711
889
4435
4033
3101
907
757
3097
196
472
123
173
154
190
210
168
242
117
126
112
124
131
193
98
150
150
134
144
116
109
133
113
141
116
97
164
155
169
119
143
275
116
145
128
137
119
144
127
110
135
126
79
105
128
164
124
136
114
111
100
115
133
160
173
132
162
114
130
114
174
92
121
169
131
151
95
107
154
129
87
109
112
85
157
97
88
123
106
142
141
134
271
102
154
170
122
81
133
121
110
203
96
152
132
125
77
100
85
130
114
149
131
173
80
107
163
153
116
107
97
133
156
107
127
119
111
147
102
95
158
108
98
132
105
79
129
97
164
120
128
122
103
98
144
149
154
99
137
122
96
132
102
144
90
151
117
158
122
145
113
101
140
113
123
96
126
125
146
106
134
120
168
109
134
100
108
185
113
127
97
132
129
103
194
160
146
143
130
121
86
140
141
137
104
106
117
82
103
90
89
166
119
142
158
121
142
100
121
105
106
103
164
96
129
120
130
115
137
121
220
182
121
117
97
127
105
126
90
89
79
172
146
134
105
182
138
110
106
132
119
96
121
78
123
120
90
96
126
97
79
133
95
124
89
109
167
76
122
160
105
94
151
116
89
154
165
181
152
96
131
161
126
119
141
139
137
98
115
161
140
110
138
87
107
159
96
98
140
103
140
150
100
94
108
104
116
99
101
99
105
81
103
120
124
144
114
161
119
130
117
83
106
159
133
151
112
99
157
116
94
118
116
168
69
105
158
101
108
145
102
108
136
125
139
160
111
157
112
110
150
133
128
111
134
117
120
84
180
83
86
128
143
152
155
92
137
98
149
126
109
83
125
86
165
123
161
98
124
106
112
109
84
97
126
114
128
115
151
108
128
136
148
124
111
116
120
99
138
114
100
95
133
201
139
106
142
137
111
113
154
115
108
109
133
138
135
108
92
130
130
107
119
96
131
105
106
119
153
127
168
107
153
101
121
111
149
168
107
140
88
90
118
165
213
69
124
105
108
124
156
118
87
89
88
105
76
104
117
116
148
106
119
126
139
149
80
110
125
138
94
146
94
126
118
111
144
116
206
153
134
129
127
256
113
141
106
100
139
158
162
103
119
153
92
101
218
109
103
98
101
96
88
97
136
105
125
94
118
114
171
100
147
114
129
136
137
130
121
118
142
121
83
122
126
156
131
151
125
186
146
115
102
162
113
124
100
142
138
167
118
94
152
125
156
136
122
129
130
151
119
151
121
89
112
143
192
124
224
127
126
119
99
129
103
140
81
93
133
105
125
90
145
130
104
95
100
117
143
146
116
145
141
117
120
110
181
123
96
154
103
138
113
143
97
80
106
136
117
117
164
106
114
126
166
72
146
151
99
105
153
85
83
122
117
168
123
175
85
221
133
128
116
109
156
147
150
86
92
160
150
103
174
133
195
79
157
173
119
119
116
189
157
194
102
93
156
124
134
142
117
89
183
106
134
140
163
99
190
128
118
123
89
82
151
70
99
139
90
97
87
141
101
101
117
144
142
169
120
108
84
95
109
107
131
117
118
87
111
139
183
129
111
119
115
112
130
221
170
105
140
149
161
109
126
116
121
138
94
95
116
110
122
164
115
154
128
104
131
127
164
141
125
94
126
121
90
136
94
183
115
158
106
138
118
191
172
123
69
108
120
79
105
100
113
136
140
83
86
111
143
89
90
94
163
105
135
103
138
147
163
86
84
130
140
116
259
117
103
107
127
135
77
109
103
114
226
109
114
152
164
135
184
126
161
214
144
143
114
93
102
117
159
158
128
97
118
144
129
137
151
165
92
142
185
111
113
124
137
169
87
148
169
139
139
208
96
148
105
162
88
117
138
87
104
118
137
157
197
123
129
153
130
116
173
105
114
86
122
147
93
143
120
231
102
156
168
115
139
121
96
98
127
133
111
82
142
107
158
131
129
137
100
103
105
162
107
137
85
120
105
110
158
96
145
85
120
116
84
122
121
119
102
109
92
177
83
129
114
130
150
126
133
102
85
137
125
142
169
154
101
121
142
169
88
169
148
121
102
112
136
132
101
94
138
139
157
96
139
127
172
115
161
150
123
124
92
135
121
137
131
120
113
116
128
159
111
139
156
111
96
117
121
118
154
143
119
166
132
142
134
98
102
146
156
137
138
98
130
111
103
90
113
140
156
188
102
136
136
102
86
114
150
135
128
110
159
102
130
148
156
83
106
124
183
87
127
110
114
79
128
101
96
137
109
137
96
91
110
118
150
105
151
105
112
138
159
137
136
130
150
143
161
119
129
128
139
107
109
131
103
110
198
103
73
146
82
125
111
118
180
98
103
102
93
116
139
94
157
129
141
129
88
132
119
161
134
120
105
105
109
148
132
115
112
172
128
171
120
94
164
119
98
88
166
108
109
148
109
172
123
116
114
98
104
136
103
180
125
91
87
152
122
116
175
82
108
139
131
131
90
144
112
116
155
111
89
129
159
114
98
149
166
101
110
101
127
150
134
86
134
127
98
125
129
100
126
92
95
131
81
129
93
138
149
146
87
113
138
88
124
203
166
75
95
184
153
110
117
152
161
163
118
96
143
111
157
151
95
116
139
126
112
152
204
143
143
87
101
119
128
129
115
98
110
156
98
101
89
124
78
103
97
95
112
154
124
89
137
104
103
134
131
125
109
144
160
103
142
82
131
143
119
113
129
96
110
170
121
162
107
103
146
165
124
81
129
204
153
141
127
119
89
132
104
125
127
96
122
186
142
192
172
176
109
123
117
105
136
108
128
125
145
109
92
83
90
173
93
117
127
124
119
119
119
93
116
131
174
123
97
120
139
109
122
110
114
94
92
112
123
83
140
91
87
119
104
129
113
136
82
161
182
139
94
111
172
132
130
115
93
127
120
110
119
131
109
104
118
94
216
95
131
125
130
100
106
117
152
176
94
103
160
112
154
160
111
93
165
146
179
89
135
108
116
143
137
157
121
138
106
132
96
139
168
158
105
102
146
140
134
98
115
135
94
120
137
98
85
129
105
96
142
134
104
96
158
143
86
112
121
137
99
135
113
144
74
165
146
136
140
92
89
129
102
157
172
134
129
101
121
136
138
125
126
87
181
166
115
127
123
118
125
117
157
134
104
107
109
112
122
99
95
165
154
130
104
117
145
112
113
115
113
117
132
109
127
138
144
104
111
130
152
95
93
77
137
146
107
112
106
94
115
87
170
119
90
132
194
124
164
132
91
186
118
118
142
129
149
94
142
121
150
86
149
115
105
107
89
111
83
93
101
152
74
110
120
149
109
104
147
155
102
116
184
142
97
105
95
86
99
95
147
118
88
142
88
151
116
133
94
113
129
147
156
134
114
123
147
131
122
151
138
131
116
143
127
113
153
147
136
186
150
112
103
120
87
125
114
100
91
109
100
115
121
118
148
91
127
105
91
98
110
139
157
142
131
144
137
100
88
109
164
109
99
145
188
162
87
90
140
95
103
113
132
124
104
122
111
119
124
79
164
143
142
109
109
109
95
185
89
138
101
133
123
163
139
117
130
107
73
132
102
193
88
114
100
90
116
94
90
157
137
126
142
96
157
153
167
143
173
104
108
148
99
119
125
82
120
135
130
155
102
152
135
136
117
124
104
147
86
143
105
128
106
119
101
105
128
112
118
81
122
111
150
80
127
193
116
129
77
105
117
147
131
139
205
109
146
129
135
80
120
132
160
109
95
93
126
142
102
137
128
153
92
94
125
136
94
151
119
125
125
165
115
141
90
153
160
131
152
151
107
128
137
136
234
153
217
120
269
108
175
140
137
126
97
134
120
129
143
108
132
179
154
114
178
93
138
121
142
113
103
97
108
110
112
131
183
82
113
175
181
168
126
171
79
146
114
104
126
94
128
75
100
86
159
112
99
143
135
120
116
116
144
121
86
203
156
96
100
120
150
142
92
108
110
121
113
127
142
108
79
135
240
136
149
73
128
85
119
119
110
83
192
112
144
129
135
107
146
133
106
133
100
116
116
158
125
143
139
97
133
120
123
159
139
106
167
220
97
202
133
100
168
102
110
224
95
93
105
186
138
103
91
153
125
118
223
198
135
166
198
95
101
114
147
149
104
71
108
121
93
147
138
177
209
116
103
151
112
101
234
70
163
104
99
119
118
122
159
81
110
145
130
92
113
171
170
123
172
137
180
135
125
152
86
105
179
104
174
102
103
133
126
140
95
86
134
142
103
153
140
148
92
93
124
137
110
92
161
107
112
136
138
128
122
85
95
117
111
101
105
124
144
92
100
91
69
106
110
91
112
149
91
125
128
94
177
92
114
136
163
90
96
120
158
73
136
101
113
102
218
143
116
208
91
153
133
84
142
159
130
98
142
159
124
98
178
115
140
176
126
104
141
115
125
172
113
88
146
126
108
120
108
86
113
146
113
187
104
162
99
140
160
112
88
107
96
178
101
121
144
101
111
130
137
112
167
106
101
101
116
117
110
125
132
184
122
147
84
156
159
126
99
174
135
112
113
121
92
139
94
130
110
110
78
138
107
144
198
139
159
102
108
87
157
209
111
114
151
103
100
116
169
136
105
101
132
126
143
124
133
136
150
158
158
110
101
113
112
108
110
128
105
174
128
152
102
122
147
76
125
148
129
156
135
108
178
163
130
121
107
195
81
155
159
119
116
112
140
108
71
99
147
92
156
104
159
164
104
136
152
140
96
169
130
141
130
153
92
150
141
174
148
125
116
140
104
141
126
135
186
205
166
111
140
142
187
97
117
112
119
166
120
197
155
127
114
130
111
140
127
187
141
167
116
144
162
112
110
94
156
153
140
117
133
95
121
108
164
145
72
124
90
180
151
153
137
109
91
128
118
117
157
157
113
124
178
104
131
111
123
111
107
128
109
139
132
85
129
150
85
146
139
104
183
72
138
220
122
124
141
109
139
109
92
106
81
94
126
163
138
148
130
121
139
162
116
145
105
126
106
90
156
108
133
134
255
120
174
96
89
186
108
101
84
149
109
147
90
105
105
121
115
124
105
131
116
105
112
117
73
93
120
79
110
168
135
102
146
106
107
84
137
201
115
88
103
182
152
127
104
125
99
122
152
116
187
105
178
101
122
126
75
173
133
106
111
119
132
134
111
129
89
139
121
160
116
139
132
135
101
164
99
109
112
145
100
77
119
199
126
131
93
116
131
137
108
139
131
111
141
116
142
131
142
133
111
112
158
144
125
112
133
139
145
162
142
97
84
119
130
105
106
89
108
117
112
148
130
143
137
108
142
102
160
101
91
152
94
115
91
162
110
121
132
131
125
95
104
138
82
169
84
112
108
81
118
115
105
131
112
108
130
157
158
164
133
140
137
90
99
100
117
114
123
110
148
119
116
104
160
139
116
167
113
107
109
110
108
112
123
154
144
94
115
123
133
121
130
156
95
111
134
179
147
105
144
162
101
82
125
134
81
94
98
169
117
123
132
125
92
101
119
96
107
84
127
90
147
142
86
115
106
125
140
128
102
185
197
149
98
142
90
123
132
110
75
114
96
130
131
101
111
126
138
186
115
100
124
156
148
96
102
144
152
108
132
76
133
100
98
124
140
134
115
133
121
141
154
148
113
110
173
135
146
154
108
111
140
141
160
162
128
128
129
109
162
136
109
92
119
105
126
112
139
177
122
134
127
96
102
117
117
127
129
169
75
162
135
113
88
127
128
86
167
169
161
101
145
121
145
112
171
150
148
145
126
105
128
85
118
97
140
115
106
133
115
116
142
98
132
118
99
139
129
114
115
110
103
122
150
126
197
128
101
120
134
109
97
81
162
170
107
138
109
128
115
102
113
96
160
127
198
108
152
182
103
107
103
107
179
110
98
117
139
122
134
135
76
123
158
143
186
82
133
131
173
213
166
96
110
99
90
134
136
97
107
94
116
158
133
107
123
151
158
170
131
128
138
105
141
134
97
158
108
74
93
113
131
127
146
137
93
120
111
90
114
81
157
117
123
138
107
122
128
155
164
92
108
129
141
111
100
105
125
84
141
87
135
148
114
151
108
125
187
84
134
89
97
123
127
117
121
141
146
133
165
88
125
98
90
123
103
78
130
92
105
100
111
106
215
80
100
125
159
114
130
176
137
86
128
106
143
214
140
113
162
103
142
147
186
110
148
165
101
250
129
142
144
103
183
121
144
116
129
75
138
151
128
116
103
163
162
121
112
186
141
122
102
143
131
129
99
106
120
123
138
109
111
116
135
165
91
168
128
163
133
121
104
72
188
117
107
169
144
200
165
104
132
115
131
116
106
149
102
175
84
109
112
107
69
150
120
80
100
177
96
104
127
148
127
176
86
133
90
114
114
139
115
78
152
133
145
96
116
114
156
119
109
140
104
92
148
89
141
144
180
112
91
84
106
134
113
109
107
105
109
97
130
92
106
178
117
107
205
125
99
99
110
116
115
119
88
104
128
132
188
98
82
77
126
116
125
135
96
90
101
102
158
148
163
121
176
99
143
155
100
110
96
126
125
102
154
156
144
131
119
148
180
151
152
90
95
138
140
165
103
107
96
117
124
109
155
134
121
114
87
134
111
122
140
144
156
135
121
80
100
104
145
165
134
90
171
170
165
96
89
124
110
145
137
85
156
119
140
126
97
84
127
127
138
180
163
90
121
135
128
138
126
78
156
101
93
124
115
111
145
127
176
108
137
126
127
144
115
140
116
116
136
139
209
115
113
90
135
104
112
155
101
127
126
92
127
137
112
100
94
103
107
110
114
138
108
89
125
121
140
88
122
86
155
102
109
149
118
109
107
143
92
97
111
138
93
159
114
102
119
115
107
100
146
142
180
70
106
95
138
186
117
98
124
128
151
102
144
105
91
102
169
111
93
157
115
74
174
137
131
162
118
151
169
77
190
157
137
139
191
121
119
90
123
172
116
166
97
186
117
103
159
171
127
105
124
171
187
80
138
107
97
153
134
119
100
126
123
129
116
136
156
140
150
135
117
80
131
160
85
146
93
166
119
150
110
114
117
158
194
139
159
148
89
112
141
150
103
113
147
110
118
134
155
115
115
132
155
105
129
142
155
130
106
137
137
115
137
119
98
124
128
117
206
113
98
153
183
122
91
124
114
122
99
127
112
128
93
117
92
90
115
158
111
119
105
112
107
132
148
97
121
136
118
138
89
133
125
117
161
141
132
168
111
114
164
116
152
136
165
122
108
173
109
135
124
128
124
114
125
112
126
146
135
155
111
130
97
144
127
171
138
122
113
146
129
94
179
114
166
196
103
219
136
155
109
122
190
170
169
140
133
134
84
131
65
140
69
144
143
139
97
215
134
119
95
164
139
119
109
133
110
127
100
118
139
123
126
121
141
107
108
171
121
84
94
90
128
137
94
118
130
145
141
159
156
166
122
146
147
107
82
154
156
109
121
105
134
120
75
114
139
91
119
153
135
115
104
154
110
138
155
158
121
131
120
145
159
104
103
105
114
108
107
87
97
95
132
131
114
100
100
85
92
105
108
124
130
124
105
112
101
150
111
128
128
182
134
97
168
79
129
139
133
127
128
98
115
90
119
125
94
119
84
118
126
126
142
98
83
131
110
116
181
100
165
95
140
150
117
129
132
198
121
92
129
109
102
84
117
130
100
87
97
152
117
126
104
109
122
129
103
119
138
103
162
154
91
86
121
135
160
90
140
99
101
169
113
82
120
96
166
139
122
172
93
141
134
132
172
128
94
138
133
128
159
118
125
153
119
145
129
141
107
117
119
143
104
95
105
97
124
86
132
120
166
142
156
118
83
100
104
98
170
118
94
129
101
65
115
109
157
139
124
94
82
92
126
101
115
82
83
127
121
187
86
135
132
156
86
148
108
125
82
112
106
120
149
123
140
136
107
123
93
114
117
138
135
138
122
99
131
106
122
95
123
141
174
124
157
102
114
119
141
123
89
90
120
102
171
113
81
113
90
142
115
173
89
125
98
129
138
120
178
117
158
80
156
112
105
111
81
126
168
127
145
178
73
94
120
110
119
168
185
129
117
120
106
114
100
100
194
133
190
131
126
113
85
115
166
127
129
178
109
123
134
144
96
115
130
155
154
166
102
167
132
86
182
93
108
127
126
115
110
126
110
174
114
97
105
151
194
103
103
140
103
112
136
89
119
110
100
145
163
131
215
120
117
83
105
119
101
110
166
135
110
111
126
132
111
105
163
134
160
109
120
96
125
127
80
105
78
110
123
113
139
111
140
93
136
142
151
100
93
108
134
124
113
119
108
168
126
154
99
130
106
117
140
124
120
103
135
167
88
100
103
90
152
110
100
149
149
108
147
123
126
93
110
127
93
89
100
118
157
178
95
125
141
81
108
128
138
145
106
140
154
147
130
83
109
177
154
80
139
168
89
113
113
112
95
110
105
102
128
149
91
133
103
164
134
115
81
116
121
152
102
106
154
126
130
103
162
93
172
94
125
154
92
108
103
115
130
130
183
87
119
106
182
197
126
98
101
140
115
158
218
100
118
160
99
97
141
157
136
163
85
249
170
185
109
86
163
167
136
112
118
132
99
95
133
105
93
113
128
133
128
84
175
106
126
134
158
152
120
97
126
201
98
121
130
124
131
148
141
115
100
80
90
117
104
120
143
158
146
151
190
81
108
103
104
111
110
169
187
110
105
94
166
130
117
123
109
187
190
122
100
104
119
137
120
106
127
157
81
151
101
97
95
116
159
102
125
122
120
93
107
97
97
156
95
142
122
138
100
89
159
111
97
168
102
169
162
131
115
92
155
127
136
128
94
154
128
144
96
136
134
129
151
106
148
165
114
120
95
105
89
113
101
169
93
117
107
127
139
93
116
96
99
174
132
133
108
93
117
120
243
128
134
125
128
99
128
218
115
126
85
116
137
110
133
162
128
145
102
127
107
122
104
107
132
146
117
156
115
116
102
95
204
154
90
83
103
93
86
148
156
123
104
140
94
99
102
104
84
124
107
168
134
218
130
200
161
131
131
115
140
93
124
103
88
77
103
158
139
114
151
134
134
112
72
110
102
110
115
153
127
101
112
165
105
124
120
179
107
123
118
97
165
105
63
90
116
116
145
70
178
131
132
172
104
163
152
133
115
144
119
86
145
88
86
118
91
135
205
133
161
121
144
158
157
74
147
100
147
95
158
121
92
168
91
136
96
110
117
120
117
104
232
126
149
103
88
110
98
137
140
193
100
96
88
138
141
112
154
130
140
142
129
176
136
125
138
109
133
88
106
117
131
102
119
111
113
97
103
115
111
91
107
104
101
88
100
100
134
119
111
107
152
108
133
135
137
98
119
125
156
78
136
160
112
122
121
93
87
105
129
98
116
117
89
171
109
81
137
141
112
93
140
128
93
152
173
105
86
116
143
115
111
141
108
123
103
121
128
150
137
125
86
111
138
136
125
100
168
108
112
130
102
169
145
131
138
84
148
157
84
99
118
120
132
188
78
186
148
146
104
118
124
145
90
107
159
107
131
148
127
96
132
168
129
138
116
154
141
147
112
104
100
105
121
141
110
107
132
131
142
123
104
95
117
181
76
123
159
144
164
111
110
106
121
124
126
157
111
88
110
129
106
126
206
113
176
90
96
115
131
145
84
88
113
179
119
137
123
186
116
125
109
106
138
62
110
122
118
131
96
118
145
132
134
103
147
90
90
89
95
104
83
146
95
92
126
175
129
115
139
162
197
137
86
97
133
185
110
92
119
125
101
88
205
216
120
118
139
143
131
80
127
129
87
109
129
92
101
167
175
132
211
132
112
82
123
122
135
118
121
101
120
126
130
103
165
111
111
144
108
137
110
115
109
114
169
156
86
114
104
101
94
152
136
92
159
85
102
121
102
150
129
97
132
104
123
109
196
109
149
109
126
127
106
90
148
105
76
96
106
89
130
135
100
91
134
121
114
148
171
156
149
132
111
95
117
101
140
119
95
137
105
128
136
89
125
123
124
104
122
162
110
136
137
126
136
178
104
150
102
129
127
128
144
128
127
116
126
128
91
159
237
143
137
145
171
140
141
121
180
130
124
99
145
84
96
81
115
146
139
179
118
90
122
125
94
123
94
158
93
139
136
102
89
106
113
91
145
130
94
138
122
110
188
110
121
183
97
104
124
137
107
164
107
136
137
141
130
121
121
93
71
111
105
137
161
101
163
102
106
107
106
108
135
132
127
97
78
97
114
114
136
147
202
109
108
102
119
112
139
142
135
110
146
102
161
111
114
117
172
109
111
130
70
127
148
126
148
129
98
77
83
132
118
124
165
129
146
97
140
82
150
100
134
146
131
126
139
122
134
161
113
79
84
111
113
103
117
116
104
99
108
110
144
110
155
137
117
166
108
173
127
153
91
161
116
85
110
127
115
101
87
111
125
116
106
104
104
122
129
140
131
102
115
122
145
112
134
153
162
120
89
142
186
129
114
228
102
114
104
115
135
91
106
123
145
136
76
151
118
118
121
170
94
111
153
98
105
109
172
121
87
123
155
88
119
141
114
119
65
152
111
97
164
103
156
95
114
134
104
86
103
115
93
130
107
174
147
137
108
114
101
172
118
101
109
148
119
215
153
127
113
97
115
132
107
116
103
123
70
144
126
106
95
115
233
111
151
161
93
123
144
136
127
115
145
100
171
160
158
165
145
131
161
127
124
91
112
105
145
107
136
160
126
83
142
182
140
110
121
186
194
118
106
83
174
127
117
99
130
120
87
81
139
103
148
106
120
132
126
114
152
130
140
112
154
91
138
120
140
130
115
121
104
99
102
127
110
106
99
86
108
109
120
151
130
114
131
163
143
142
114
111
146
137
134
127
150
168
110
108
147
128
186
131
139
118
153
75
129
117
97
102
138
93
78
88
128
101
97
108
88
112
133
167
139
118
78
106
101
114
106
133
132
106
123
112
107
110
218
155
147
214
119
151
134
147
94
119
96
129
108
115
97
146
124
120
99
165
142
120
163
122
108
96
132
97
104
133
113
185
136
114
157
171
162
109
71
107
105
138
131
131
107
129
131
120
88
146
101
191
117
112
142
115
107
155
151
106
146
105
132
107
131
181
137
90
123
131
115
116
98
99
169
85
122
63
142
133
139
83
183
158
72
212
116
85
143
100
87
123
139
169
116
141
170
105
150
95
123
67
193
185
99
89
115
154
77
148
121
104
99
147
143
108
137
110
150
111
121
87
107
135
167
111
147
103
137
84
123
118
91
98
90
90
141
140
103
120
94
92
106
122
177
98
187
77
119
98
185
90
151
113
119
117
112
101
121
117
90
112
120
154
86
149
102
123
132
91
118
130
118
90
125
102
158
112
111
160
255
135
144
120
128
114
110
91
116
159
104
185
103
122
100
193
86
92
96
92
166
118
125
147
136
80
129
112
130
114
113
141
161
119
99
77
106
161
135
143
115
168
120
94
80
89
139
102
126
118
101
149
94
82
151
113
94
112
98
130
164
142
182
105
159
181
92
137
137
103
95
172
128
89
140
144
110
169
70
165
149
151
124
134
118
119
106
115
121
106
127
111
90
114
126
162
128
106
109
87
138
100
131
118
138
119
135
124
147
134
110
120
148
132
118
96
106
83
111
110
117
114
170
112
74
131
113
125
111
125
148
123
97
189
145
103
99
131
148
92
117
138
148
116
187
129
149
101
117
162
129
115
115
130
106
149
180
125
130
145
102
135
88
138
106
125
123
83
144
108
110
86
124
101
79
128
96
119
132
114
115
87
123
119
141
123
105
152
137
147
135
116
121
141
84
104
168
141
87
123
108
115
155
129
144
189
113
133
127
143
161
85
83
125
116
120
104
142
132
122
84
116
130
132
119
107
116
130
129
111
111
112
128
166
132
162
98
123
140
94
127
107
91
73
118
109
112
171
128
143
116
122
105
148
74
120
110
124
148
113
152
124
116
113
158
91
93
140
91
134
124
123
134
109
121
125
179
144
108
245
123
105
106
87
154
121
137
118
135
192
96
123
157
103
95
93
111
234
151
128
147
199
107
113
92
130
95
106
114
112
142
130
122
109
114
131
93
111
147
165
131
162
110
166
156
190
95
118
135
141
164
106
128
113
120
124
103
101
120
119
121
88
214
100
128
191
128
110
100
112
125
164
153
111
102
187
82
115
97
106
162
112
78
125
111
90
126
124
114
136
87
76
237
135
105
144
137
166
117
128
115
129
91
117
67
162
160
124
132
94
135
88
152
134
115
131
141
101
168
117
130
132
99
112
153
170
82
122
94
120
112
113
165
80
102
119
142
90
132
189
109
102
111
118
96
112
134
130
132
138
106
113
84
139
116
95
109
117
148
96
161
86
175
122
170
98
149
232
114
151
146
174
97
112
103
126
159
146
111
121
116
160
98
155
129
123
113
115
165
131
93
116
175
134
139
119
97
111
83
110
140
92
125
210
162
130
102
78
103
127
125
87
114
169
163
118
129
105
134
127
88
122
138
150
132
103
143
156
144
147
136
88
114
143
104
71
90
176
125
87
109
104
108
152
164
131
101
129
98
93
119
112
166
153
137
93
210
122
129
104
96
130
204
185
110
152
177
142
151
91
103
90
154
143
114
112
126
115
110
111
130
115
130
156
135
126
88
179
150
98
99
89
100
137
155
89
152
116
108
87
136
115
108
158
92
91
111
88
137
84
165
85
119
137
158
133
115
122
107
107
156
110
111
174
114
105
92
129
117
133
144
107
108
95
139
170
156
104
130
167
109
137
211
150
178
162
104
82
74
136
131
110
112
111
98
101
92
138
132
166
117
134
135
111
112
168
134
128
113
83
96
67
94
116
106
87
128
116
135
115
127
223
125
169
127
133
130
128
88
135
117
135
146
104
125
130
108
124
112
72
139
118
112
116
123
141
117
155
147
125
109
96
117
114
134
115
113
122
103
84
125
130
135
88
132
93
93
91
125
195
120
129
115
137
103
112
110
184
160
123
110
99
108
124
186
135
118
155
164
106
135
163
104
92
116
194
157
143
103
123
105
99
99
130
102
132
93
112
163
96
146
138
176
142
121
121
124
103
101
110
97
121
130
90
112
170
101
110
79
134
94
147
150
118
146
104
131
97
155
127
123
143
137
93
92
115
83
112
100
124
93
226
112
123
115
160
179
129
113
133
104
133
118
111
117
99
131
109
108
127
99
147
108
110
147
119
98
169
102
140
145
154
86
102
126
88
119
93
116
113
117
205
103
135
119
81
109
134
95
82
79
117
87
169
155
147
90
98
114
132
114
121
114
90
100
113
123
84
144
116
153
184
107
93
134
218
144
130
153
98
136
109
97
130
127
140
146
124
72
102
166
122
113
139
151
147
99
107
157
139
139
126
142
96
129
142
111
134
71
88
112
124
173
105
103
111
168
103
70
104
116
124
118
193
159
170
91
83
92
86
79
128
96
132
112
134
101
114
153
125
200
163
131
112
107
109
125
139
149
149
168
119
178
101
128
190
123
140
148
103
156
154
123
87
116
117
116
103
130
86
109
134
118
145
131
150
104
123
119
167
192
93
122
109
112
108
140
196
185
115
174
118
113
133
224
189
164
147
115
151
103
105
124
124
102
153
168
100
142
151
80
130
138
97
106
128
138
103
84
153
93
154
128
149
173
149
175
121
113
88
144
110
166
162
92
117
142
91
145
101
135
128
112
143
121
116
117
97
126
106
99
166
163
116
113
163
110
190
149
100
105
112
140
143
166
100
135
111
101
79
116
113
90
76
112
93
147
149
114
130
101
159
131
98
130
168
117
102
101
161
100
121
95
124
105
114
131
109
157
108
198
186
100
158
123
177
148
117
121
134
124
101
86
148
127
131
117
109
194
90
102
108
145
133
92
124
128
118
127
116
153
140
172
128
147
124
120
111
148
111
107
135
105
98
157
125
94
144
137
160
115
80
114
87
133
110
138
129
129
103
118
114
151
122
166
96
99
98
121
94
150
138
107
119
105
107
142
150
116
94
104
114
140
122
147
111
127
167
152
80
153
153
133
107
118
130
258
83
92
125
84
161
149
132
94
90
106
179
116
136
169
107
112
77
127
93
116
133
159
127
183
141
114
122
154
107
91
127
119
122
118
114
105
101
116
110
203
117
120
110
137
107
130
107
139
119
141
97
132
118
127
114
128
103
119
132
131
115
145
105
125
148
143
143
130
76
240
132
114
143
108
125
154
115
113
90
157
88
73
146
163
92
133
129
140
100
125
128
126
85
87
104
129
146
97
98
143
156
103
86
139
134
124
124
131
144
159
134
123
150
132
124
182
121
75
165
85
98
119
99
86
154
159
90
86
109
94
109
120
136
143
119
126
105
95
103
124
100
113
118
80
96
124
130
152
120
101
137
155
110
144
113
129
146
133
128
110
127
133
128
159
107
98
105
108
119
134
118
173
123
138
107
152
134
139
135
134
93
159
91
113
192
121
127
122
100
86
89
96
140
78
154
103
112
159
159
72
92
115
102
131
86
145
107
112
149
126
112
89
118
116
148
157
109
150
110
108
126
101
143
98
107
109
116
180
163
105
111
115
124
77
120
131
115
112
170
145
159
161
150
128
145
140
174
101
103
151
143
142
105
135
106
106
124
138
130
136
83
110
135
128
157
92
151
88
107
120
104
137
186
114
136
124
198
121
101
136
105
89
119
111
140
93
142
159
153
150
134
114
92
117
141
135
155
160
78
167
185
118
147
105
113
86
107
143
155
157
97
151
150
86
125
85
145
135
152
105
113
88
108
126
104
107
141
122
130
127
87
103
140
99
158
102
161
84
105
96
170
143
132
122
169
107
106
131
152
98
134
126
131
155
140
112
86
147
106
172
117
150
83
138
136
116
130
129
132
95
103
156
96
102
122
135
102
113
104
118
130
108
165
75
130
116
130
131
139
150
117
128
130
94
155
107
161
177
142
127
126
99
130
169
135
133
286
105
170
106
98
122
177
171
130
140
96
124
139
123
178
106
140
111
125
85
139
85
104
113
106
164
98
186
112
135
120
79
99
90
89
138
116
122
164
164
115
121
95
143
163
103
96
114
142
155
114
173
152
123
186
128
162
102
101
145
116
144
147
108
142
101
124
144
108
110
118
114
107
108
113
139
148
138
104
106
156
145
166
160
168
111
155
126
110
97
137
181
126
87
145
144
89
91
111
142
122
102
110
119
98
115
96
110
119
253
93
118
89
140
114
155
153
122
145
115
116
109
118
147
117
170
118
114
126
159
151
136
85
99
114
121
115
165
125
110
145
185
118
89
154
120
115
138
115
89
100
93
162
113
145
82
126
115
164
103
126
140
101
122
112
97
119
121
110
125
158
105
171
86
85
138
160
102
115
113
147
84
109
110
153
127
120
128
118
129
130
131
124
153
122
105
119
110
119
111
111
129
174
107
115
213
107
135
118
114
104
139
90
91
106
115
156
120
90
147
164
147
122
131
89
105
97
118
144
147
115
104
121
150
93
114
93
144
156
120
119
117
126
149
108
137
127
115
110
93
151
122
115
126
129
208
130
155
151
114
93
116
154
107
164
160
118
151
109
104
142
122
122
88
107
115
68
117
120
122
142
96
116
137
138
150
114
111
128
121
87
133
100
136
149
104
95
153
128
91
100
126
108
134
113
118
115
144
179
97
122
175
91
104
132
113
80
96
132
103
109
124
155
147
110
111
122
117
100
171
132
145
156
137
96
138
149
100
104
143
135
109
87
103
103
178
116
119
123
94
106
100
129
106
71
204
135
120
104
103
115
120
123
79
123
116
164
109
170
87
134
92
95
133
128
69
91
104
86
116
130
171
95
85
95
91
125
154
179
84
108
110
162
130
107
125
98
94
78
142
131
133
95
129
97
135
165
173
114
104
96
157
93
117
85
111
130
144
121
121
167
160
116
90
144
90
111
119
124
78
123
88
131
118
143
99
119
102
112
153
134
89
95
92
158
89
92
159
141
156
122
100
106
108
151
129
127
85
97
99
121
149
156
88
126
140
135
165
117
96
104
125
164
98
98
134
100
137
125
156
105
99
98
112
140
115
127
93
94
142
117
127
155
106
135
141
150
125
116
140
93
76
133
89
135
110
180
86
140
144
81
116
110
162
142
137
127
144
151
99
103
118
120
129
88
99
118
102
90
80
103
132
135
117
104
114
81
166
122
100
79
91
96
104
125
141
162
134
128
106
149
81
160
96
87
148
100
88
108
143
124
124
122
137
82
161
83
102
93
105
120
99
127
104
114
141
118
96
101
108
123
131
126
183
99
149
196
112
81
146
110
119
112
115
127
126
155
157
110
146
100
198
87
168
106
92
126
118
95
144
133
106
117
124
106
170
180
99
159
96
169
191
132
111
121
109
121
104
213
118
