2557
3771
4108
1137
1752
6021
915
2620
5649
1348
3836
1592
381
867
4983
2963
8889
871
1971
3116
1364
851
3340
700
379
635
438
803
1269
2361
377
1187
3377
200
723
1136
196
5586
283
1395
432
487
819
170
190
703
125
132
128
145
133
144
99
121
123
165
172
113
135
172
129
143
120
147
132
151
131
114
131
103
158
142
82
97
120
144
110
92
90
117
104
232
152
160
139
96
131
110
159
104
140
87
83
108
120
104
120
103
117
123
100
121
136
127
110
118
169
104
112
120
101
101
126
111
131
200
91
124
115
127
103
100
101
118
121
90
93
127
190
81
102
102
117
109
90
92
120
