x no_shield shield_1 no_shield_sarsa shield_1_sarsa
0 0.514782986481 7.59341416429 1.52456938083 7.79589008878
1 0.818569221867 8.23502078897 1.32917817351 8.20507784156
2 1.12134608342 8.46185253116 1.56562089008 7.89083316875
3 1.22690805921 8.39906096438 1.54410934177 8.45838935629
4 1.1988540785 8.54713017177 1.43028363215 8.44657281647
5 1.30734299676 8.5692350413 1.72620823489 8.16473163528
6 1.29688530369 8.53523709849 1.55393013394 8.45511271641
7 1.85515810635 8.33448279143 1.65706586861 8.49423657802
8 1.83411395885 8.64263371277 1.60330226256 8.34342422539
9 1.63851900577 8.57996095391 1.94700023872 8.54328896928
10 1.93371633949 8.62341715551 1.76296742611 8.60466949203
11 2.00885554455 8.49042954801 1.81941736512 8.61345042486
12 2.01006300111 8.4443629549 1.82486534826 8.46923932467
13 2.06511968331 8.66802399159 2.0471006272 8.52157592793
14 1.96754216468 8.70587227276 2.17660854758 8.28018334703
15 1.9904319346 8.69387078927 1.99250085499 8.31422858572
16 2.21139056321 8.46758683253 2.07761242781 8.71810328167
17 2.22726952856 8.59633673529 2.04182403984 8.46418345998
18 2.43499616017 8.51503201691 1.99385398613 8.73000734157
19 2.19660581087 8.60159962926 2.15137726841 8.33636455531
20 2.28464632723 8.59152190588 2.13669400507 8.70040796452
21 2.05053874153 8.4844750899 2.03128900487 8.71744604607
22 2.15954829519 8.44532465617 2.24146246985 8.51991313498
23 2.32413959002 8.48646744072 2.16040721861 8.6369441024
24 2.2540909007 8.84971543267 2.36829961108 8.41031963522
25 2.48580284223 8.61688730512 2.39435599911 8.56633548041
26 2.503120264 8.6811493538 2.345554055 8.73020290314
27 2.45150174545 8.5760490999 2.44203361852 8.59243356617
28 2.61792394722 8.80548988669 2.50308859714 8.60612441918
29 2.81282472073 8.75515517614 2.42815859892 8.62942336113
30 2.61534742468 8.5909334839 2.5055698106 8.48639149945
31 2.22287698493 8.62799009877 2.54705449136 8.78497991072
32 2.58640132226 8.7039530327 2.39248965759 8.73436492216
33 2.51043027445 8.84594222691 2.51530143267 8.68566943802
34 2.74998391086 8.61641784005 2.29370171058 8.60050079212
35 2.62567151337 8.59123064239 2.68634271379 8.63606756092
36 2.69525592927 8.72209398042 2.37812235022 8.65033390932
37 3.05343076338 8.69396569788 2.90792922894 8.64126653987
38 2.65923615506 8.73828273386 2.5638292159 8.65133480243
39 2.65038548468 8.80548355516 2.67328703703 8.71051681307
40 2.8455979576 8.76917705568 2.70549578727 8.77813876033
41 2.93401130558 8.83735074066 2.96527345625 8.66847262242
42 2.75109630947 8.79343785737 2.64393006445 8.74304078093
43 3.06729086767 8.85067870539 2.69127737976 8.75225484413
44 2.93282850683 8.69305775435 2.85838796064 8.60909638439
45 2.97897065037 8.74866226225 2.97398597425 8.75530874068
46 2.98267448851 8.89683347638 2.90034135742 8.80251632133
47 3.03275763288 8.81904831473 2.53825565119 8.73099731908
48 3.17924301904 8.73642569681 2.66946826933 8.71123277601
49 2.92560585585 8.8916215474 3.04403366073 8.76038150854
50 3.07295927553 8.80634218706 2.93126624185 8.7737859388
51 2.96062450008 8.58061589942 3.19634021686 8.83145182142
52 3.0249313092 8.77891694285 2.75013964231 8.73677466254
53 3.2852841292 8.73555908871 2.95904246731 8.7532418505
54 3.11260745384 8.85651940603 2.92627276264 8.79748414963
55 3.40316585045 8.82759653186 3.17311640823 8.8164728048
56 3.36724157779 8.86790918145 3.26089085723 8.87566755139
57 3.12857486471 8.78206271619 3.18807941436 8.86639732636
58 3.3116895014 8.87590067388 3.09588273193 8.83207757088
59 3.05203878414 8.89248206693 3.28230441951 8.82261558142
60 3.24543682393 8.96157720065 3.20725224283 8.86048655838
61 3.46842630863 8.84975116549 2.97575641648 8.85906990639
62 3.49266415953 8.83599936116 3.14504411372 8.82179480053
63 3.26178243562 8.86649850095 3.15133507556 8.74558735591
64 3.49709529674 8.82530633097 3.44633229802 8.85976089026
65 3.63331310267 8.88719920572 3.57515775054 8.82764211722
66 3.36942935724 8.85130269829 3.60318279389 8.82893428578
67 3.65651650531 8.88158043482 3.50348893725 8.8261523042
68 3.07879642656 8.90060480394 3.5669270511 8.87453940444
69 3.29278964102 8.76213431186 3.3198880605 8.97436680738
70 3.87277321095 8.95558865814 3.41773572522 8.79925196288
71 3.50400346862 8.81529170502 3.29158281705 8.8136801497
72 3.63474933218 8.8612437235 3.32971030292 8.87893824257
73 3.51819099316 8.89324122541 3.51847987153 8.91145535619
74 3.40578983163 8.89980899228 3.49823903164 8.87384416451
75 3.66675355945 8.83300008566 3.30495302243 8.83478904348
76 4.00924035024 8.9524725867 3.75360561674 8.84802472977
77 3.27867845629 8.8761698061 3.8636017624 8.85281352491
78 3.66072688946 8.95089481927 3.81462644339 8.9540642389
79 3.94270641547 8.91470037465 3.21426488887 8.93131079333
80 3.53195133486 8.86117753471 3.49408630692 8.84323963914
81 3.58690325812 8.86282991916 3.58150429051 8.806203769
82 3.94759102708 9.01015894574 3.52273297515 8.91173236882
83 3.97463371707 8.89488537756 3.73290374082 8.89232743708
84 3.66618273312 8.83059493911 3.93330180616 8.95122005033
85 3.72551490191 8.89826408975 3.66733991841 8.96156708601
86 4.06805596967 8.9337785274 3.91269310511 8.97416239831
87 4.06427812746 8.98622473397 3.77002330709 8.96798801827
88 3.72102651102 8.86817098897 3.78537810676 8.86771364411
89 3.91905112809 8.92904183738 3.92821787923 9.01020363693
90 3.84874173522 8.95707419218 4.32445490184 8.85941944852
91 4.06908719017 8.92219201869 4.07816888415 8.89073940672
92 3.98139096827 8.9471891938 4.07026451449 8.99349338088
93 3.90812830539 8.90236566244 4.03423852018 8.9388083708
94 4.29178613232 8.9493159441 4.19971444046 8.98700924725
95 4.16082865142 8.88277735132 4.11223136203 8.89312588241
96 4.16382616729 8.96036462092 4.00652607757 8.86257013749
97 3.94192509047 8.95537045182 3.95869548155 8.95202568176
98 3.93763590115 8.97170295131 3.86465250096 9.02344266424
99 4.03949160332 8.95212542911 3.93738290839 8.98334539427
100 3.91099992781 8.98649255958 4.20401662183 9.0321707859
101 4.10290962444 8.96967470864 4.20835800497 9.02529891465
102 4.22119451536 8.99928791816 3.81220237325 8.98291198446
103 4.37569367735 8.98245244225 4.0411048598 8.94506823047
104 4.33355119658 8.94604748151 3.98205702868 9.05926828281
105 4.18785975367 9.04555180198 4.40498289988 9.05240393511
106 4.11526681091 9.02857745841 4.17768575126 8.93367351359
107 4.37856239578 8.9818797388 4.32783454192 8.93460223819
108 4.2944708544 8.99086951795 4.25873220151 8.94596020628
109 4.35773806569 8.98655308595 4.4304780965 8.98901501247
110 4.06628279676 9.05088730286 4.38670208544 9.04479587275
111 4.37499847702 9.0442617938 4.33468928767 9.04499981838
112 4.8535757398 8.96442449949 4.47078073031 9.01758871526
113 4.3409673741 9.00675001828 4.45446899586 8.96137185368
114 4.39931845968 8.89423743054 4.13171049358 8.9928687037
115 4.3666035606 8.97296730431 4.38561179276 9.08390708896
116 4.55777916051 9.02110545613 4.86234027663 9.04977450071
117 4.4999217564 9.05841608982 4.50266346712 9.01294826106
118 4.87203791256 9.03036227478 4.48800555682 9.02499765358
119 4.7304797164 9.0463449047 4.59583431721 9.04678153412
120 4.68202381321 8.98455454076 4.29435730351 9.02110615697
121 4.39236947876 9.04716406731 4.63467856192 8.97860020255
122 4.43604873767 9.0412802212 4.59084435161 8.9807136926
123 4.96229485519 9.06262404913 4.5442676996 9.0952506643
124 4.69915748072 8.9849099332 4.39371597636 9.08025902539
125 5.16531958256 9.01484748115 4.53917237201 9.0235980427
126 4.68081474571 8.99735468837 4.90395276022 9.01924729226
127 4.64547590794 9.00861686221 4.61116504723 9.08315550487
128 4.82972127962 8.99125919221 4.72681183372 9.04184721786
129 4.7043845606 9.04111449385 4.9663447043 9.07238816879
130 5.27843318899 9.05764702164 4.62233826229 9.08784630545
131 4.96633693682 9.04090972948 5.07814631899 9.072286462
132 4.82652675453 9.00489943758 5.03807669507 9.08341888107
133 5.10962622773 8.98848397072 4.86505480073 9.11483338961
134 4.80914432896 9.09809397692 4.54682949184 9.0063316806
135 4.77258444201 9.06450261953 4.72539555909 9.08014769625
136 4.97592815589 9.06073073253 5.3039150693 9.12201761068
137 4.80238541914 9.04808351754 5.12196466938 9.0857921667
138 5.04089433159 9.00812078149 4.90957329619 9.06299984357
139 4.91859863033 9.02566095199 5.2429897773 9.07895491662
140 4.74340139375 9.03472210253 5.06227890306 9.10440248615
141 5.00965309805 9.01536036925 4.96369306065 9.06408680105
142 4.9701053898 9.06643583383 5.13447525388 9.10969603663
143 4.85711489635 9.04233333487 5.13805428376 9.040476033
144 5.17130454146 9.06790709131 5.13272794159 9.06500290829
145 5.13997896303 9.04403792856 5.14446363298 9.07094932699
146 5.40635000689 9.10988934842 5.04652812562 9.02816040183
147 5.14455883823 9.08215281286 5.26851742979 9.13083287859
148 5.23959966703 9.0831818083 5.15294363417 9.07304875311
149 5.2026098805 9.12060051262 5.33025530309 9.06281906039
150 5.59735120287 9.06327653652 5.09864077432 9.06291499688
151 5.32075843723 9.13702341392 4.88386823965 9.08302355978
152 5.22983761532 9.1013404188 5.25245940305 9.16320458584
153 5.11924891541 9.1483357607 5.0757225475 9.11174497262
154 5.19997141545 9.07686354585 5.26474299271 9.09014265197
155 5.38700745175 9.07443166137 5.57643539307 9.07945295667
156 5.1128454049 9.10502839526 5.39636295072 9.12177916424
157 5.3241065725 9.12772871298 5.43297006691 9.09946770539
158 5.43944019053 9.08504121016 5.37417149024 9.05686897067
159 5.3759060912 9.02737374482 5.20215141892 9.13564465234
160 5.54127100009 9.11585709909 5.44161809546 9.09421838003
161 5.37422015619 9.04321894254 5.04943236156 9.08948914365
162 5.30318779812 9.14629602551 5.43375819013 9.06805107282
163 5.55848065228 9.10105319118 5.56050812309 9.06346386194
164 5.28195889547 9.05931901104 5.17322817248 9.11984333637
165 5.56533634993 9.07301592036 5.24397861635 9.16096409734
166 5.44162921289 9.07765466969 5.73987112299 9.13691388831
167 5.57795280734 9.12359256906 5.12274183028 9.11183022749
168 5.36627711112 9.08483655091 5.7511122144 9.13372597609
169 5.16666945716 9.06855636343 5.39719887625 9.11307397163
170 5.76535918443 9.08347209587 5.52107392908 9.14368340766
171 5.49216533326 9.15390098892 5.79458325239 9.08397645969
172 5.61120566555 9.11106486356 5.8281081718 9.08071168245
173 5.78000477264 9.19219206099 5.4386913306 9.1110207737
174 5.79335317938 9.18427459171 5.73319316196 9.12643334296
175 5.55350880002 9.15396437008 5.38167506478 9.14742333144
176 5.92834084987 9.02451193587 5.32799480224 9.12457342948
177 5.65115956613 9.1600705578 5.67892064381 9.11922751056
178 6.02157941935 9.14926874421 5.77002270592 9.07983143078
179 5.58070590057 9.13836002638 5.50244281857 9.15671393099
180 5.73378711221 9.1652661216 5.87333566579 9.08846860022
181 5.63986603906 9.10719414438 5.58102830302 9.18630484514
182 5.77192692164 9.11736044545 5.75789485885 9.09063984054
183 5.80408981 9.14450640595 5.56682150832 9.12874644732
184 5.52078276299 9.13506211153 5.85922482922 9.1497087383
185 5.82179512563 9.18538918583 5.73254083645 9.204525802
186 5.87113208137 9.14697127204 5.77128243099 9.10048004108
187 5.82462328358 9.13506079157 5.70555218184 9.12467901936
188 6.07274739367 9.15241367829 6.03764218862 9.13032968246
189 6.05195049838 9.14624911142 5.79672082324 9.19467873897
190 5.73184772257 9.13501366046 5.79621504382 9.17205516941
191 5.89522931682 9.12384787508 5.81144166026 9.11086950791
192 5.78740210798 9.11381742493 5.84171830774 9.16190797471
193 6.00022371406 9.14442833085 6.17550808655 9.19281376845
194 5.96729226628 9.13507220455 5.68019481692 9.15743444765
195 5.98510046725 9.16196957919 5.76934975464 9.15793289311
196 5.75935417156 9.1554278376 5.7114729122 9.14373909969
197 5.93870878301 9.15837642707 5.99034691128 9.15076958256
198 5.97046588603 9.21944536994 5.69500239732 9.13321048384
199 6.07227044168 9.19031086029 6.20293105499 9.20667260041
200 5.89066965204 9.15387678519 6.19663749114 9.12837445152
201 6.23115348012 9.13020121439 6.026215643 9.17027129253
202 6.1924575241 9.1084409797 6.05364892491 9.16542588872
203 5.94253826135 9.17125442859 6.14341889036 9.20404529512
204 6.27979589163 9.19832491916 6.11570032553 9.18306444434
205 6.07936117326 9.19179358249 6.40501580071 9.19948165363
206 6.32278043602 9.17025175324 6.10253633459 9.15658168046
207 6.03024320109 9.17021014643 6.19951266605 9.16448983637
208 5.9646267288 9.16904833204 6.22067110452 9.19755937795
209 6.15046662562 9.17985990782 6.00957655274 9.20331599608
210 5.96770310193 9.14455665301 6.34239500443 9.19707443738
211 6.45350774823 9.19064907508 5.86645735687 9.14244918573
212 6.53215657039 9.17351618979 6.048426662 9.17619573791
213 6.49170557537 9.14584307468 6.17110564786 9.2090113534
214 6.15800741048 9.1771645714 6.34312020885 9.21083935411
215 6.21479965245 9.17887443734 6.34769418475 9.22577967002
216 6.521061808 9.21228980991 6.24248328894 9.20823262447
217 6.47792238741 9.12945523975 6.02532477184 9.15196744279
218 6.24100860246 9.20818747385 6.18565663405 9.15070682182
219 6.24876304691 9.12994666133 6.27785664653 9.133650254
220 6.46921266785 9.15840850339 6.36784028602 9.18752224546
221 6.49247039522 9.16718296541 6.50811790246 9.20213363173
222 6.15520253925 9.16282553321 6.69729516105 9.19293834726
223 6.55689489669 9.14988346677 6.52055115862 9.18730271817
224 6.35202381674 9.18922256693 6.28829736808 9.24822299812
225 6.48257324269 9.17711376847 6.35382045093 9.20810769292
226 6.56627713115 9.20491650748 6.28939262841 9.19497180392
227 6.28213868308 9.21043884512 6.45840413569 9.16982528247
228 6.12578133966 9.19901980474 6.75116907697 9.22762564828
229 6.27103267421 9.20252768776 6.47688116654 9.20176657055
230 6.33607873408 9.18852844512 6.57024587125 9.18691763696
231 6.49995869069 9.17768214446 6.52177001961 9.20691013527
232 6.43998971279 9.10050704866 6.6607025054 9.21316446116
233 6.54856011792 9.15518774066 6.58339089175 9.16751271035
234 6.36557435524 9.17143536855 6.72442970676 9.22723341589
235 6.8863109286 9.19822840879 6.34841037117 9.19263022354
236 6.60703520133 9.20612100216 6.52464333028 9.22859082836
237 6.72364136307 9.15918288721 6.26223842996 9.20916113659
238 6.68660180289 9.1950723278 6.38904447134 9.21223118881
239 6.66663146949 9.19358267098 6.7224900453 9.21169702539
240 6.7977022801 9.24714508178 6.73795044876 9.20985610876
241 6.77342535185 9.17943892225 7.02911681003 9.24790186596
242 6.79323057892 9.20221582371 6.69660285722 9.23376180463
243 6.59849674915 9.20635123966 6.77904617104 9.17306904814
244 6.74926180327 9.2054424043 6.54275326481 9.23098247404
245 6.82895206294 9.19544733716 6.86340932545 9.20530997923
246 6.56477304642 9.19864526648 6.75071907291 9.20176399685
247 6.80089085785 9.20063173099 6.72582796267 9.24358628306
248 6.84488823667 9.22130530544 6.80306192488 9.21192211449
249 6.73565957061 9.16798705116 6.79719514406 9.19141401694
250 6.72945588435 9.19768827606 6.56149269721 9.20439796737
251 6.70141013015 9.21031665795 6.63124217784 9.19931450675
252 6.90997070201 9.20241273225 6.79550976198 9.21900635811
253 6.8413929761 9.19871628388 6.89672853157 9.21938566384
254 6.86957182979 9.19787248063 6.73979337972 9.19804608566
255 6.80769268931 9.21140111145 6.68864207614 9.20477542508
256 6.99651437363 9.23802232333 6.5281904702 9.21832566741
257 6.76118052027 9.16183403044 6.94229077315 9.20906971277
258 6.6295851297 9.23350001718 6.79397142207 9.20765792616
259 6.9266313141 9.228668362 6.87185176821 9.21404311871
260 7.03332741599 9.19890705154 6.83655957784 9.21370629379
261 6.62102000014 9.19339784102 7.02698651001 9.23766402616
262 6.62039280981 9.20835592136 6.56604867037 9.26769742474
263 6.81930795641 9.16811041291 6.8097197542 9.24304836304
264 6.85703084856 9.2400945044 6.79099935405 9.23839517859
265 6.92008312158 9.20554013083 6.86547330216 9.21860605977
266 6.88578979975 9.23127307792 6.95108965856 9.20507736553
267 6.9790430515 9.23386115464 6.53030868232 9.19650411672
268 6.80882974928 9.23977369458 6.61678227342 9.23139888246
269 7.13595867829 9.21188466447 6.94472508031 9.1946067937
270 6.85486066567 9.21335009057 7.03100312275 9.26228117406
271 6.84577824771 9.2084403047 6.8405742067 9.19943095981
272 7.1998070977 9.2435184837 7.1789500223 9.21925705501
273 6.88431634511 9.24109539413 6.93144701344 9.21908926881
274 6.9693581962 9.25130587724 7.09836586228 9.2173665883
275 6.86117675732 9.22212663241 7.16655059759 9.23294434288
276 6.96257720335 9.2420591879 6.90983494926 9.23669619657
277 7.15428681577 9.1971372254 7.39649576528 9.24336992903
278 7.09934584822 9.24731350437 7.0675509727 9.27220651221
279 7.18394854383 9.20044369069 7.09161763838 9.2721661184
280 7.19514950696 9.21577321779 7.11391161488 9.21462492672
281 7.10897591283 9.19826627146 6.98437386037 9.26307206915
282 7.24785955466 9.25958697086 7.13994173638 9.23510268247
283 6.93342791631 9.23636655101 6.92983993986 9.24184357695
284 7.16831186411 9.21215372727 7.14536603261 9.20878017001
285 7.13311846652 9.21519992784 6.99555480593 9.24570635475
286 7.24415893728 9.21483206195 7.32648484633 9.22430236944
287 7.16313418856 9.23608899978 7.2731952073 9.26921583464
288 6.98811931445 9.2581158809 7.04162841014 9.23724680574
289 7.20990274996 9.20070061204 7.03090528141 9.24256247171
290 7.20967366716 9.22836314925 7.29459355209 9.2712424845
291 7.1702789321 9.22653809647 7.28826961879 9.24899579462
292 7.42418412676 9.2339510973 7.1010737594 9.25830672668
293 7.1627101527 9.22845460099 7.50196083935 9.23568282763
294 7.16511961755 9.26677516911 7.22291424955 9.26574264404
295 7.30602401109 9.24032824485 7.15325926409 9.24673024339
296 7.22532257652 9.219342703 7.17378276925 9.24399755735
297 7.34909720245 9.20883630631 7.40809179592 9.2392677385
298 7.39109503963 9.26305306489 7.25588472555 9.23381136788
299 7.58616516301 9.25585445158 7.16861164482 9.21386242198
300 7.15810401064 9.26719300659 7.40401348542 9.25446858938
301 7.34944536452 9.2264623049 7.40106392237 9.26118560021
302 7.18271397316 9.25167973281 7.43868430919 9.2621859875
303 7.26184629088 9.20717376264 7.59608798294 9.2444980541
304 7.33770645069 9.23495647236 7.26646313678 9.25263142883
305 7.50571728808 9.23685718143 7.30259321464 9.25633583264
306 7.51846756344 9.25491182836 7.54054519431 9.25387173286
307 7.04948815165 9.26877436096 7.5017675931 9.25374884433
308 7.23633794913 9.28563742298 7.55418671586 9.24871863645
309 7.19727738805 9.26182611761 7.51226327593 9.28372479878
310 7.6130529025 9.24073221752 7.18856715134 9.23380408176
311 7.33386739318 9.25365357805 7.45754951183 9.24345984339
312 7.44042177941 9.26661403421 7.46036135114 9.247809246
313 7.50237954883 9.26351278889 7.49821819673 9.27327901221
314 7.36816713627 9.24123251573 7.45751614025 9.25029374768
315 7.38923885347 9.24712725697 7.47658477498 9.25482520622
316 7.39680250354 9.27101615715 7.43005251977 9.23583253115
317 7.45081444645 9.20638079947 7.48201356303 9.24759994154
318 7.75777151804 9.26741890024 7.39280062341 9.2675207361
319 7.48864159719 9.23799033805 7.77737348186 9.25586071122
320 7.58284386761 9.23335936031 7.61141732462 9.24827846988
321 7.55447902405 9.25665336497 7.37038382763 9.24576721433
322 7.38692999549 9.23938619032 7.62416801873 9.28144033275
323 7.69519847497 9.23065258274 7.61670544543 9.25778175008
324 7.35273282096 9.25573950335 7.53728626657 9.24481246639
325 7.60898130121 9.25475639793 7.41305302679 9.26049332892
326 7.64834079838 9.25989805559 7.39396128939 9.23751116571
327 7.53486851763 9.25664105508 7.63715739435 9.26938760345
328 7.50577248678 9.25881231968 7.49262047156 9.25678772335
329 7.54195757333 9.26660554272 7.73204414308 9.26314509137
330 7.67199145421 9.23792044012 7.62437588979 9.25862565218
331 7.55428840587 9.2524026466 7.56901818513 9.27084312928
332 7.59261139551 9.27117699984 7.67572311346 9.24816481104
333 7.55377559788 9.27307984657 7.69657885456 9.24841563726
334 7.56548712269 9.25700819352 7.60753255931 9.25217731173
335 7.52606246527 9.28994684203 7.54396284058 9.27920488962
336 7.7496287049 9.25587193941 7.95798901693 9.27866695563
337 7.54728641376 9.24441972888 7.85820270093 9.26088949776
338 7.64914705343 9.2739460187 7.83286146614 9.25691954292
339 7.843476555 9.28108288108 7.90686675241 9.27444191988
340 7.51202899086 9.27712576068 7.65407018077 9.26369575708
341 7.29952062205 9.25354058961 7.56974413292 9.27566499542
342 7.83774584266 9.26924136781 7.89857945791 9.26005994373
343 7.61739633816 9.29881822982 7.76056194917 9.28729753534
344 7.67151191053 9.28233984858 7.52484910932 9.27820558726
345 7.51363833221 9.24793702428 7.73844682315 9.29902293848
346 7.65132059118 9.27243654565 7.73166181088 9.23097105459
347 7.74474157399 9.29556707799 7.70273551904 9.29086838388
348 7.78694263004 9.27387538069 7.67164585053 9.27385094711
349 7.84333617384 9.26179899808 7.69102280956 9.26352488016
350 7.62461752158 9.27045882886 7.44254301763 9.27624510453
351 7.83868384734 9.26842619592 7.44021888674 9.28902429281
352 7.58924783232 9.25233417734 7.87874845057 9.26559733869
353 7.76429086681 9.2689283146 7.78783402311 9.2557309547
354 7.76879322093 9.23596408723 7.58886774512 9.27788899442
355 7.60605142014 9.24553318179 7.56884595838 9.27296800264
356 7.84648667176 9.2694831254 7.87493779889 9.27288691293
357 7.79978788985 9.28347337742 7.77738306389 9.26735776863
358 7.85314535307 9.26111664075 7.87910927807 9.26394336397
359 7.81963697966 9.26410425089 7.58371842467 9.2510613981
360 7.96978917891 9.21506383732 7.64656749649 9.27963714735
361 7.76886199644 9.25862500412 8.03514682288 9.26644628215
362 7.74742442782 9.29393874938 7.88626942665 9.2677144383
363 7.99346517718 9.28168981304 7.87940976934 9.28254553103
364 8.11698462308 9.27093802539 7.87577050678 9.28635157132
365 7.9796770494 9.2901503692 7.64689241649 9.25678937707
366 7.69412909201 9.28444012916 7.71852133102 9.25551133508
367 8.01150097669 9.27832029149 7.95003024367 9.3037054933
368 7.75361803896 9.25447280626 8.0248333639 9.28309580795
369 7.82031491039 9.25576140053 7.91714451595 9.27820935538
370 7.9436567638 9.26984928744 7.77143180868 9.28367803695
371 7.86874875617 9.28628230713 8.168251367 9.28412866133
372 7.93599900318 9.24528218159 8.04500290401 9.278410206
373 7.94678290412 9.27065504703 7.82972383058 9.26356210271
374 8.06482504886 9.29359467774 7.97929723215 9.2728419441
375 8.00214061579 9.28069998572 7.85233097616 9.27461479565
376 8.11138021958 9.2866502669 7.87662621992 9.26727843819
377 7.87156323942 9.21345719685 7.90573904852 9.27833199806
378 8.02277400305 9.28226394841 7.73625371282 9.29258207355
379 8.03531532513 9.28392368202 7.61220113568 9.27368438787
380 8.06456714221 9.28938977779 7.95915339651 9.27433682575
381 8.0364454813 9.27527185187 7.9395556887 9.26427811997
382 7.83275238584 9.27583362043 7.99186586465 9.27421110256
383 7.84997329109 9.25026317537 8.09639414836 9.28966601968
384 8.0938756843 9.28865659599 8.01617073711 9.2831170546
385 8.19016541598 9.27164212953 7.86566171331 9.29136072592
386 7.96081634064 9.27742807461 8.15579963474 9.29083585134
387 7.88406200437 9.28467585294 7.9225385389 9.28884425868
388 7.91878125359 9.28443575945 7.91920930131 9.28731836512
389 7.95738898574 9.31217157779 7.94970835117 9.27783888603
390 7.81568316665 9.28274536531 8.02926614451 9.28272396851
391 8.18788471441 9.29010440889 8.01596361406 9.30096038057
392 7.96765291455 9.29524595046 8.05785465799 9.30649965357
393 8.06431544241 9.28065992758 8.18552005858 9.29594301707
394 8.12493611676 9.27849074516 8.12907320469 9.28502816375
395 8.15724075754 9.31518816928 8.1188602626 9.27644176903
396 8.14561476212 9.28927300279 8.09356796185 9.29287619543
397 8.12174656909 9.27961812814 7.88249595091 9.26998822656
398 8.01666610056 9.28974661097 7.95006020548 9.28196846252
399 7.87859937208 9.29665986935 8.24784407203 9.29215984086
400 8.05292504877 9.27016656417 8.00348545715 9.3037824463
401 8.1211513822 9.29842677417 7.99870835919 9.29060296699
402 8.11010132646 9.2827174946 7.79857127435 9.29733607534
403 8.13309892863 9.27638303038 7.76764669481 9.3111912931
404 8.06601040383 9.2911198856 8.00631884173 9.27338510804
405 8.00903212742 9.24973573448 7.94095909805 9.29303449292
406 8.08713457919 9.28818026319 7.92544167844 9.27516287471
407 8.01359709633 9.28990966605 7.80665855554 9.30438916143
408 8.18349359684 9.27230304384 8.08630222082 9.27635676698
409 8.24754614757 9.29765935922 8.22836340149 9.28007053354
410 8.20430147346 9.28662856428 8.34210621966 9.31702018777
411 8.18004476402 9.30248405286 8.09554648533 9.27340500868
412 8.3266872514 9.26304200859 8.15674370946 9.29368924064
413 8.14103985727 9.29559327229 8.07048201715 9.29512663199
414 8.20341833199 9.29173314632 8.13644926048 9.27565664079
415 8.14549230271 9.28156937229 8.22471413935 9.29773401252
416 8.10986197419 9.30135949965 7.98472511926 9.29777963863
417 8.32171914462 9.26994548441 8.08300253545 9.28503572077
418 8.04381650608 9.28343618572 8.12898471068 9.28374873532
419 8.09112141934 9.28231907005 8.26763700298 9.28172821279
420 8.17516303488 9.27673896504 8.09950315498 9.2917752057
421 8.24239105707 9.30699002393 8.2091750598 9.28621550799
422 8.24900875542 9.26613985741 8.39802169322 9.29825056522
423 8.0946367648 9.28693612926 8.22540996792 9.29187023892
424 8.24465348949 9.29222833 8.32205497478 9.30466131273
425 8.22953469637 9.30051013552 8.14227212231 9.25897664269
426 8.20044855843 9.29817694665 8.2485664618 9.28584587958
427 8.28379528562 9.29738639166 8.23597676927 9.29516483871
428 8.21710182009 9.29085919262 8.10541802967 9.28801850519
429 8.1321970166 9.29571724741 8.15162481386 9.29507304777
430 8.4342118591 9.30898505078 8.32014393733 9.31172928431
431 8.27584845962 9.30054969764 8.1584810043 9.30686436316
432 8.22075190223 9.28894460476 8.09014451728 9.3100101767
433 8.36360621141 9.29868503308 8.19538539584 9.30369323355
434 8.32234208987 9.30993773318 8.13875905089 9.28532173761
435 8.45587121342 9.29821225588 8.142624384 9.28046362349
436 8.24128023026 9.29700709891 8.39490063565 9.28932960236
437 8.20169673365 9.30690137435 8.28505642534 9.29017895218
438 8.08283573588 9.28716793442 8.35435658739 9.30419035157
439 8.34396538834 9.28346309519 8.10904524943 9.2922142774
440 8.32516123055 9.28659046001 8.26715182533 9.25752502621
441 8.58281098461 9.29435454239 8.10052196904 9.29799241227
442 8.57890435191 9.25818177104 8.18549904056 9.26684567562
443 8.48560194123 9.29663067199 8.43088855776 9.32003602026
444 8.29258924446 9.28327973778 8.31176915145 9.27429167716
445 8.25998545941 9.30826998274 8.28300640413 9.29144093434
446 8.32412504417 9.3152514588 8.38033824769 9.29950120863
447 8.4898256037 9.29815928578 8.19488417788 9.31041116081
448 8.4009396526 9.30667253658 8.3182469657 9.27988613821
449 8.28361585687 9.30467783052 8.3850238637 9.30224683932
450 8.47093810526 9.31104666993 8.41962810386 9.29878765092
451 8.27341153819 9.28485160442 8.38381865493 9.31197328844
452 8.46996724198 9.28203713354 8.26446298592 9.27404058406
453 8.56639965819 9.2972632837 8.38019129659 9.29359370306
454 8.41938519593 9.3031007844 8.48203719306 9.29035593024
455 8.37106200688 9.30141530956 8.39663689443 9.30859425851
456 8.40597152481 9.28780844882 8.34186734213 9.3018650488
457 8.37956274475 9.29168999367 8.31664223961 9.29915043601
458 8.36628756828 9.31379494833 8.28013389687 9.3040695645
459 8.46563632593 9.28667721222 8.17668527189 9.29151201258
460 8.34318792926 9.29942223918 8.40158187262 9.31393796094
461 8.33237513963 9.27265257246 8.42944919588 9.31704359472
462 8.39756403816 9.29445374257 8.41292406816 9.28438194505
463 8.46803295463 9.31080952789 8.4471429684 9.30746634048
464 8.45598324068 9.31701394496 8.32638482746 9.307979603
465 8.36240720036 9.29359337319 8.16315178555 9.30264799131
466 8.44965799786 9.29658579358 8.43124515025 9.32084245455
467 8.61900707595 9.3035921742 8.43381245807 9.31347098095
468 8.18798160431 9.30167243271 8.27576683567 9.29923440476
469 8.64143708402 9.29870328881 8.19343897131 9.30487514794
470 8.3508952184 9.2808706572 8.51206247152 9.31139053099
471 8.52619006544 9.2869363872 8.62532426294 9.31237791424
472 8.36393751646 9.29925432226 8.50244663867 9.27683357355
473 8.5523821581 9.29440789829 8.26608347131 9.31575592624
474 8.46569135165 9.3127359741 8.38601026048 9.29577910306
475 8.32886556825 9.29853519413 8.47015440832 9.3014930902
476 8.51935926031 9.30280955294 8.43719760369 9.29658855379
477 8.42275869203 9.30731304794 8.26848470457 9.28408899927
478 8.54455135547 9.30686564058 8.30602400243 9.30496558164
479 8.46096533984 9.30508376728 8.28573178797 9.29881473852
480 8.53981595847 9.29492000005 8.24518255455 9.32750265491
481 8.40270901514 9.29809153072 8.51625101677 9.29855946645
482 8.47652412491 9.2945213071 8.42400466615 9.31175047544
483 8.46842657682 9.29888060308 8.24176442681 9.30923450346
484 8.45761510034 9.30653417273 8.20495798288 9.29858414955
485 8.5200348878 9.29843917712 8.5171871558 9.31043363499
486 8.59937332064 9.30688553788 8.26773257307 9.30496922781
487 8.46585596798 9.29033442493 8.35567316593 9.31894543193
488 8.43965338745 9.29930584873 8.51878514837 9.29654026722
489 8.48439372618 9.31336818245 8.60995744061 9.30684007778
490 8.59899337082 9.31211126683 8.4611195586 9.30837402469
491 8.53493798481 9.29810363859 8.39931300041 9.27796557211
492 8.42039265447 9.30511059719 8.62690132682 9.3150540485
493 8.65850931642 9.31853569958 8.5467545186 9.31831968445
494 8.57406258755 9.29364523569 8.55481062607 9.29831467943
495 8.52542747328 9.29365578509 8.55526797863 9.31399893395
496 8.6399812267 9.30283715819 8.66160904026 9.31245092627
497 8.52736928973 9.29826204304 8.53234497853 9.31757860686
498 8.5588058054 9.32065104153 8.4807160997 9.3036701086
499 8.597432007 9.30835432596 8.69809988925 9.30761422426
500 8.62578530593 9.30421640827 8.78448496289 9.31122189908
501 8.61965679197 9.29664780454 8.58345924682 9.29565962876
502 8.61830622672 9.31531701578 8.62004963156 9.29382888387
503 8.55915603192 9.29762171965 8.59435358383 9.30175181596
504 8.51531881976 9.31991324461 8.62507850436 9.29380192277
505 8.66312224404 9.31136945789 8.54891509476 9.30659926542
506 8.65039644495 9.29906329167 8.52076220196 9.30988439003
507 8.63869431089 9.31490879904 8.55613170692 9.31165497683
508 8.62468606588 9.32736733734 8.71538231046 9.30696668635
509 8.49031324471 9.3232794238 8.62371478252 9.3040683022
510 8.68192595769 9.28129597834 8.57195520456 9.31262003937
511 8.64241154945 9.31496457099 8.46840907019 9.31450168514
512 8.55289916055 9.31023798298 8.60400735697 9.30756932572
513 8.5217402013 9.30020764164 8.63451018187 9.31943771099
514 8.69701444225 9.32323575159 8.54641166288 9.31257621909
515 8.41816395456 9.29900260517 8.66512648904 9.29443664126
516 8.61464904527 9.31097814446 8.64202695346 9.32774698466
517 8.6935925757 9.30429258589 8.46388229292 9.32184510079
518 8.63854197154 9.31548970251 8.55693400262 9.31986163094
519 8.65715737786 9.30411119742 8.69025977141 9.31354030817
520 8.55283238473 9.30938570248 8.62698433515 9.31971106055
521 8.62392612854 9.31042339046 8.68803025334 9.31556034929
522 8.72952853819 9.2950665716 8.70543744171 9.32577188732
523 8.60229635339 9.30227790046 8.4949114199 9.30539359898
524 8.77288344651 9.32354795334 8.48838124038 9.31434864698
525 8.63404590794 9.30792715824 8.6884041314 9.30978127927
526 8.75636438654 9.31074437102 8.52351905181 9.30810974061
527 8.60955438338 9.30966030974 8.42672155042 9.30655671649
528 8.7673523596 9.31077061073 8.65359521732 9.31545721701
529 8.68393661295 9.30075630572 8.59747097114 9.32650604669
530 8.65878523903 9.31297403195 8.70625278302 9.31298710368
531 8.68625301628 9.31868859008 8.69109098604 9.31608030323
532 8.67435760635 9.31034107687 8.71725748427 9.31705429343
533 8.5693245045 9.30194408495 8.77948050375 9.31691006668
534 8.54680711367 9.31971916356 8.51551129465 9.2999330071
535 8.75390726726 9.31773235145 8.75829372422 9.32120627657
536 8.65708857443 9.31363290585 8.54856427611 9.3175213493
537 8.58322678053 9.32224445061 8.64119248515 9.32060426797
538 8.70935031069 9.31128085342 8.69550418504 9.32681426109
539 8.66358701107 9.29176527951 8.61421051604 9.30683889558
540 8.59589093608 9.32197072447 8.68969260035 9.32129641982
541 8.68037246898 9.31356678988 8.79839783188 9.31485985694
542 8.72366973511 9.31112548361 8.63545744792 9.31640929079
543 8.762877807 9.31102594585 8.58605061707 9.32178026574
544 8.71133422255 9.31193920423 8.56036542184 9.3093689785
545 8.7226132846 9.33677432827 8.70308046827 9.31022560623
546 8.64480009818 9.30039146033 8.75769037842 9.30988152614
547 8.80357600813 9.30085224846 8.73090350084 9.31615512749
548 8.84271726804 9.32833209616 8.7136281636 9.30720450048
549 8.71652774424 9.30620508624 8.58186276808 9.30250469995
550 8.78460674267 9.31837844422 8.67805043612 9.30543676324
551 8.64949123003 9.31431760264 8.80499434834 9.31292078326
552 8.65069243467 9.32253164708 8.61320682705 9.30818958829
553 8.77468791799 9.32758525942 8.70459619505 9.33811156317
554 8.82384875056 9.31596921696 8.65724591456 9.31702121607
555 8.70059671685 9.30285184159 8.70392034084 9.31337892676
556 8.86362782972 9.32325340804 8.72720400339 9.30759301301
557 8.76905253965 9.33383615956 8.72656297301 9.31266067685
558 8.67098838152 9.31336267242 8.71516718948 9.31687402106
559 8.7716445192 9.3073130344 8.64873759197 9.29935297539
560 8.83207206717 9.3205776135 8.76096104983 9.33765745587
561 8.82152615461 9.31152740734 8.81692747366 9.3229762852
562 8.82346518685 9.3012556551 8.75800550819 9.31125515065
563 8.83578554075 9.32205890608 8.72935852048 9.30156790754
564 8.60782046299 9.33571662167 8.79103768111 9.32626313028
565 8.69508184258 9.31342500841 8.7484632789 9.32466949881
566 8.80955457926 9.31623991945 8.75668046309 9.32319241776
567 8.78056488239 9.32074758959 8.68864044665 9.32432631541
568 8.82529688965 9.33339288947 8.7569906925 9.31466530994
569 8.79118579593 9.31199784728 8.78495319235 9.32687207766
570 8.87566890285 9.30851757836 8.67899771765 9.32798820821
571 8.71738557963 9.3206978501 8.8281428917 9.33235675876
572 8.8405229932 9.33372548831 8.74183399821 9.31676551112
573 8.76450001415 9.32383285575 8.80111554957 9.32192862291
574 8.86649077434 9.32349583907 8.82878843752 9.32967370676
575 8.73026071535 9.31590162428 8.74930769957 9.29415112516
576 8.78718409826 9.32442228053 8.7798691972 9.32902879981
577 8.90184653751 9.31789012091 8.87497145342 9.3178194868
578 8.81263395227 9.31006089901 8.83751251243 9.33532100232
579 8.98485458476 9.31321611372 8.83280374345 9.33299020837
580 8.85009970398 9.32767626262 8.74317074045 9.32903896956
581 8.78988913432 9.30426083236 8.7305033153 9.3138664042
582 8.95025968621 9.30826818978 8.80384142285 9.32495477348
583 8.76764429446 9.31662152242 8.7657871167 9.34010374075
584 8.80948036265 9.32091126248 8.82367985754 9.33125785104
585 8.75833903264 9.3349581387 8.81585411354 9.31998314267
586 8.83303263332 9.32038118057 8.80522313561 9.32027045466
587 8.8671618765 9.31350440609 8.83078536718 9.31194770663
588 8.82154066778 9.3205098582 8.76459470769 9.32628841932
589 8.90482078876 9.33391868585 8.76434327955 9.32606306213
590 8.78036555645 9.33107135725 8.78534105506 9.32362478646
591 8.95689854568 9.33293006398 8.77609847421 9.31725363828
592 8.83664361188 9.32397951203 8.80123673357 9.32482834636
593 8.92206193718 9.31516237923 8.83345199471 9.32311593546
594 8.89565436154 9.31469923263 8.8835091536 9.30720976585
595 8.78450371616 9.31012140415 8.83958962416 9.31316280153
596 8.9153543458 9.32216341883 8.92449326099 9.33354345355
597 8.91811335813 9.31592595184 8.81693818386 9.30723858751
598 8.82691453126 9.31676993779 8.81903024981 9.32193870732
599 8.89713659308 9.32628897758 8.89103731043 9.31965412422
600 8.84247315609 9.32482489344 8.89897241859 9.31627832033
601 8.84335298285 9.32626365708 8.80180022387 9.32385656759
602 8.92158692018 9.33490734875 8.73049146103 9.30841584212
603 8.93448297243 9.31954870589 8.84838282924 9.30476217062
604 8.83626368974 9.32994475705 8.77627945151 9.31986786908
605 8.9639300166 9.31725540443 8.76946561351 9.31377387225
606 8.83438133014 9.31692257605 8.83673175647 9.3236062588
607 9.03045362751 9.31058683143 8.78598721952 9.32324177004
608 8.93412114585 9.3162975756 8.89994158588 9.31361390328
609 8.90378944263 9.33716288494 8.90573597029 9.31886632688
610 8.8622821968 9.31445740439 8.86364127052 9.30720055726
611 8.85087100701 9.32611946475 8.89506026216 9.31685198853
612 8.89131948408 9.32343457514 8.86271503638 9.32547881277
613 8.91988420513 9.32695168537 8.84699206941 9.32247082077
614 8.95501156826 9.33180138379 8.8311403269 9.33079120366
615 8.87419521854 9.32835201846 8.91187841693 9.31712203344
616 9.00324213017 9.3225406692 8.81758359742 9.32841590455
617 8.87319412197 9.32883928216 8.80883912958 9.31703705518
618 8.92227223669 9.32583866352 8.88294480644 9.32404785997
619 8.87073009947 9.31884894554 8.92670218948 9.32857640875
620 8.96929148828 9.34279112429 8.92474156077 9.32693618515
621 8.84838642119 9.31683372264 8.83757909548 9.33043022234
622 8.90530626786 9.33099796176 8.85701001542 9.33792749052
623 8.91723380035 9.32582415932 8.95304539841 9.33722399768
624 8.90849516431 9.31516221996 8.99396376259 9.32258352393
625 8.89856398193 9.32132740416 8.96317283135 9.32804298801
626 8.89879843276 9.3279845217 8.90764062223 9.3253196743
627 8.93276203854 9.32442415864 8.7835295009 9.32829667724
628 8.91365972966 9.32954660848 8.77069118939 9.32324766221
629 8.96065326149 9.31098427614 8.90646901415 9.32668920998
630 8.87854897488 9.34110769602 8.87030428619 9.32053187829
631 8.89644784899 9.32260404273 8.87110700376 9.31427794292
632 8.98902111125 9.29309546023 8.92342031124 9.32458148964
633 8.87662051979 9.32607679481 8.86593236889 9.31000129905
634 8.97010957519 9.32274134036 8.92920835663 9.33376549666
635 8.96840145231 9.3330055127 8.83910156213 9.32862200171
636 8.94112820307 9.3289607522 8.92549471876 9.32375056678
637 8.9969448744 9.32461397444 8.92632385118 9.30169467873
638 9.0053452407 9.33278123436 8.84561286756 9.32435206172
639 8.91967572256 9.30929123765 8.92386720375 9.32841564201
640 8.9022494424 9.32477340724 8.94902553619 9.32042328885
641 8.93431147262 9.32537781491 8.96918183157 9.32569095551
642 9.00580231572 9.34086282174 8.91613149278 9.29252206934
643 8.92566592363 9.31151056307 8.84998562308 9.3290604371
644 8.9517020815 9.32682762814 8.93554335993 9.34281236249
645 9.04520448085 9.32506903172 8.9696681658 9.33494300108
646 8.9304054062 9.31931614206 8.96460876555 9.31923539277
647 8.93795015065 9.3190333039 8.96029816975 9.31104737827
648 8.9667975336 9.32958325514 8.92731718302 9.33472039599
649 8.95998321137 9.31534863308 8.87849014657 9.3208506896
650 8.92088554275 9.32504724842 8.94654484526 9.32005581339
651 8.90599856613 9.32018197517 8.91382077179 9.32717147527
652 9.02242312813 9.31937491616 8.86310406384 9.32965392263
653 8.86547784296 9.32347691219 8.89364444389 9.33426189947
654 8.91302894387 9.31775215073 8.84566508 9.31750884476
655 8.9408334267 9.31781646363 8.99768304074 9.32623939078
656 9.00823717363 9.32472430734 8.92834171887 9.32654459715
657 8.92787719013 9.32001701419 8.98836357441 9.3411486659
658 8.99982410896 9.33558829524 9.07777511854 9.32033092358
659 9.04272888562 9.33736363925 8.93475655981 9.33403196346
660 8.97755002543 9.32750986214 8.83052945583 9.3291741238
661 8.91058906019 9.3051571628 8.96522793926 9.33235216207
662 9.05383545751 9.32880561859 8.82201557007 9.31710837024
663 9.05942841863 9.32388153261 8.89818798124 9.33224646841
664 8.99531250601 9.3229300959 9.01931230515 9.32190106002
665 8.97955772728 9.32907118933 8.97016735999 9.31424961975
666 9.05968726883 9.32929731603 9.03942015997 9.32441097432
667 9.02936353122 9.32511942422 8.96609354311 9.31229124419
668 8.94017163121 9.32692435401 9.03649509666 9.31507757768
669 9.08357322536 9.32984086384 9.06070063078 9.31918175699
670 9.03259230838 9.31652182113 8.97794719578 9.32631663536
671 9.06816308955 9.3324725483 8.98812283302 9.32685951962
672 8.96010120577 9.32176448334 8.94080332377 9.3297889994
673 9.01551839207 9.31775368671 9.04004823315 9.33433451111
674 9.00253456031 9.3321294041 8.93958783844 9.32122167979
675 8.99612173356 9.32491202998 8.93640751536 9.33710427204
676 9.13175968243 9.32492200144 8.9614978049 9.34366594978
677 9.06313177683 9.33237127296 8.95161451024 9.32312062634
678 8.9275386125 9.3049595026 9.00246967914 9.32683466578
679 9.01872348841 9.32867457925 8.93772778114 9.31000770345
680 9.10980132288 9.32813259668 8.97826840288 9.32421215842
681 8.95696313556 9.3268658086 8.94087715536 9.3278827761
682 9.01283407853 9.32028640626 8.97601562819 9.31419478891
683 9.11809663565 9.32500452279 8.92689176027 9.32292716763
684 9.03964543854 9.32678757788 8.93155811634 9.33379190736
685 9.03476682668 9.32301729121 8.9412348828 9.32698021235
686 8.96324514652 9.33198013677 8.91255051703 9.32789047559
687 9.13282346352 9.34193568712 8.95134970239 9.31759961535
688 9.00385746562 9.31407220416 8.96144880192 9.3304299334
689 9.08374847984 9.32293822142 9.05352874454 9.33228132656
690 9.00946499345 9.32356545095 8.95065757914 9.3353066215
691 9.01500416569 9.32834963388 9.01020736051 9.32640289087
692 9.08871442405 9.31558514389 8.92459196483 9.32927291761
693 8.99810082885 9.33363699878 8.99571667247 9.31232414703
694 9.11915618558 9.33287496134 8.94155545371 9.33012507597
695 9.05287490922 9.32095606312 9.08960683629 9.32268228386
696 8.95358702693 9.32837948986 8.97167270311 9.3395633342
697 9.05237889033 9.34191008667 8.9747952675 9.32214148852
698 9.06807223364 9.33773663531 9.0088156999 9.32248102084
699 9.04609051793 9.33051506951 8.95879037592 9.32081748749
700 9.05079273118 9.33408264348 8.97947449052 9.32575914849
701 9.11694214481 9.3201429469 9.05083677787 9.3191923075
702 9.05040187758 9.33883474284 9.01733590511 9.31895215044
703 9.03878334563 9.33362286261 9.03958097051 9.33056177778
704 8.95019048879 9.3404825606 8.98855203591 9.31362828457
705 9.04400988206 9.34266292271 8.93867275602 9.3206552851
706 9.0409814439 9.31287630524 8.92593735819 9.32189938606
707 9.03662807362 9.32908707711 9.03907919174 9.33098399967
708 9.0661229069 9.32723558634 8.9621181988 9.33050319982
709 9.00573886612 9.33920512656 8.90786573209 9.33487397764
710 9.04885106685 9.33057147519 8.94580654781 9.33399091167
711 9.02536780204 9.31959542586 9.03496846468 9.33241806349
712 9.1098170416 9.32999845993 8.96953124782 9.33660563614
713 9.01713668569 9.32471279306 9.03966467271 9.34241732089
714 9.10712621395 9.32580594202 9.05490715882 9.33912960164
715 9.10159154158 9.32866546803 8.95831401645 9.32486737717
716 9.11508677551 9.3272604313 8.99208851794 9.33102450987
717 9.10462991561 9.33388997945 9.03676051249 9.33715527682
718 9.03590750926 9.32522268114 9.03600440479 9.32082033498
719 9.13783669875 9.33415596003 8.93108018356 9.3345957012
720 9.18847298947 9.3383645259 8.921558256 9.33249044614
721 9.0887790675 9.31967528228 8.97249036047 9.33434269555
722 9.04565866043 9.32954800514 8.98987996877 9.33361922494
723 9.03082353919 9.32077612318 8.9545927113 9.34009171231
724 9.08184616541 9.32751330091 9.01864325779 9.30657072294
725 9.05804203332 9.33098673486 9.06819256447 9.33628241416
726 9.06189085843 9.33861769541 9.05075457637 9.329102973
727 9.00685939961 9.32241240311 9.06546690708 9.33502050851
728 9.12878598728 9.33407411294 9.00486547158 9.33265038285
729 9.13530721525 9.32518542558 9.0321845139 9.32205252038
730 9.06210651306 9.31505413297 8.97145584196 9.33676383112
731 8.9982926554 9.33900267677 9.06829700019 9.32310717967
732 9.03955285969 9.35200642667 8.97591549808 9.33298606458
733 9.12412277468 9.32654816256 9.0008801564 9.32708815836
734 9.09902253744 9.33327051757 9.09409407598 9.33188627635
735 9.08504477283 9.33643756614 8.9988723525 9.32708859563
736 9.04351953905 9.3323758665 9.07170109207 9.32121506228
737 9.00330825309 9.32113838887 8.99742018945 9.32747183605
738 9.18088702246 9.33411899414 9.02751724339 9.35014563055
739 9.10676456586 9.33380753849 9.05673417666 9.32894832373
740 9.0992341657 9.33180576032 9.07199903226 9.34653686174
741 9.12111168181 9.32755501176 9.04727290094 9.33916188158
742 9.13070053218 9.32156450402 9.02271767471 9.32067253982
743 9.13431022591 9.32930219635 9.07197935041 9.33203963956
744 9.19267314789 9.33235976179 8.98916324196 9.32918196626
745 9.14772782935 9.32805427427 9.05602280016 9.32897690905
746 9.05061495119 9.33973761105 9.09632881158 9.32366229418
747 9.07318421291 9.3125485047 9.06460810164 9.32057155325
748 9.12591219633 9.33946193991 9.03488735688 9.32565673179
749 9.081827945 9.33870700713 9.06931897885 9.3367905401
750 9.07241818078 9.33402713328 9.03943579591 9.32977617706
751 9.16502911779 9.32133880735 9.04360900094 9.34289254291
752 9.10239164338 9.33139869922 9.10244193873 9.33243133057
753 9.08231011513 9.32785107149 9.10403295091 9.33196976509
754 9.2022009949 9.34312172588 8.96817688524 9.33418103848
755 9.1587285487 9.32407455601 9.04192289817 9.3374176412
756 9.12691807704 9.32381096451 8.92690316299 9.3347847169
757 9.10365784353 9.32641497742 9.04682829793 9.33555998898
758 9.11836141458 9.33789230979 9.0601911083 9.32352026958
759 9.1146792657 9.33335638669 9.04260079228 9.32958697424
760 9.10801700344 9.33955690563 8.97789901564 9.32397921211
761 9.13848158543 9.33605759765 9.05583269505 9.3327550396
762 9.16227980665 9.32886887384 9.06312597641 9.33558596267
763 9.21757198018 9.33783635277 9.04713807237 9.33150115568
764 9.1301223276 9.32308354371 8.99603432666 9.31329078528
765 9.13037741523 9.33211973045 8.99750055739 9.33940972451
766 9.12578409342 9.32582334137 9.05684181197 9.34003743982
767 9.17128362822 9.35202494268 9.0581368728 9.32186968483
768 9.1169418521 9.32877439179 9.01087771088 9.33078058349
769 9.13698345307 9.32076813376 9.05771222844 9.32111979808
770 9.12935094737 9.3388318606 9.0922050402 9.33444848067
771 9.14667825457 9.33252090405 9.05584269427 9.33384112045
772 9.11223680143 9.32697828134 9.09331861227 9.34070408121
773 9.0644090371 9.34409955567 9.02947902179 9.34182488277
774 9.16474941779 9.33100661533 9.03501895263 9.33549620634
775 9.15088869235 9.33195624365 9.00986252455 9.33725457929
776 9.16258004004 9.3263662208 9.11167950846 9.34207233379
777 9.20508307157 9.35078695592 9.12188396844 9.32135334247
778 9.16887113211 9.33265431533 9.07599349837 9.3332634701
779 9.20667769213 9.33275420142 9.04253862944 9.33666356697
780 9.04129138077 9.32761171322 9.06142960232 9.33246456681
781 9.13482469119 9.33339179241 9.09575358848 9.34722464417
782 9.12732424949 9.32437029554 9.11734266396 9.32228308041
783 9.17133444572 9.33823868118 9.07763233202 9.34407504275
784 9.0282609156 9.32694404784 9.02647879564 9.33566101945
785 9.16671996294 9.33567540583 9.0807539203 9.33378391219
786 9.18509101829 9.33201409618 9.11616066531 9.34256677407
787 9.20350520948 9.32919327175 9.05063394265 9.32514340795
788 9.17490618024 9.33687625256 9.1028316434 9.32757335437
789 9.17566619 9.33921612565 9.13963706651 9.34211106152
790 9.17914363717 9.33464758613 9.10976380424 9.33090845294
791 9.16414923511 9.32123077804 9.04308159558 9.34812172252
792 9.11394448886 9.33605343847 9.10211098444 9.31997090513
793 9.10757920485 9.31727146168 9.10820399857 9.34936155314
794 9.2018375702 9.33443553851 9.04043617302 9.3302475394
795 9.15690183363 9.34262892864 9.05893690064 9.34296470935
796 9.13475461665 9.32147440453 9.10297406094 9.3276537815
797 9.15986069563 9.33198863895 9.01269231558 9.33103825086
798 9.2029054807 9.33426509904 9.13477226953 9.3411161665
799 9.19948974527 9.32283389802 9.1164426557 9.33842892137
800 9.13656889229 9.33232304005 9.13392689955 9.33115767334
801 9.16433834542 9.31789541322 9.0319017989 9.31456867497
802 9.2658077514 9.3294733826 8.98306744904 9.33616876103
803 9.12146081277 9.33920939347 9.12906791223 9.3397225725
804 9.16672530477 9.32490362526 9.12899986714 9.34011646765
805 9.1819860305 9.33823446957 9.01160422552 9.33426579933
806 9.18991041709 9.31563781869 9.1160233836 9.33537499564
807 9.07711612888 9.31099100868 9.10460656454 9.33738450352
808 9.18882782858 9.32759317816 9.03026358167 9.33505376607
809 9.10680029144 9.33854770741 9.10893702223 9.3332174855
810 9.17832812054 9.33076613851 9.08277264747 9.3470176809
811 9.14542143113 9.33319166058 9.04635264798 9.31456421671
812 9.17879586144 9.33357927427 9.13211781316 9.32394508829
813 9.1411811288 9.34555020616 9.07765770541 9.35028803631
814 9.20250363565 9.35148578171 9.07353098815 9.34306118447
815 9.20751889265 9.31302130699 9.13356404627 9.33472979622
816 9.1080964734 9.33783390356 9.14153911166 9.3409242014
817 9.10648275641 9.31067726122 9.04124264575 9.33311900093
818 9.16105774991 9.33311771095 9.10355476005 9.33343689689
819 9.19098184008 9.33998876024 9.06190606424 9.3132387861
820 9.21391064502 9.34395025944 9.1086409165 9.33782766626
821 9.11143138383 9.33163646929 9.15222388911 9.32495500723
822 9.20623825976 9.34480850428 9.10528992024 9.32578608541
823 9.18050323233 9.32017493737 9.08560235602 9.33871723452
824 9.21485466333 9.32568828459 9.07004296774 9.32221959673
825 9.23536953826 9.33625543058 9.02582929871 9.33475430165
826 9.13415145399 9.3463048699 9.13236834002 9.3277303956
827 9.18653687629 9.3463005831 9.11351897602 9.32252956413
828 9.20810317711 9.32870941598 9.10784826043 9.33918840319
829 9.18998123933 9.35101397817 9.11455355943 9.32504211919
830 9.20447195336 9.33872102169 9.11074354024 9.32674589649
831 9.21003593284 9.33994056384 9.04757863589 9.33793956142
832 9.22958350183 9.32306421831 9.09791889554 9.3307182996
833 9.16742797794 9.33840019603 9.06702055508 9.34233775761
834 9.13354876154 9.33822796716 9.09261929352 9.3411866814
835 9.16819553651 9.32388568593 9.11993770332 9.34112803025
836 9.26821657785 9.33653932046 9.11571402887 9.33098944866
837 9.22509406957 9.33994798066 9.10109716646 9.3324141003
838 9.14882816634 9.33554549185 9.09734919223 9.33685549565
839 9.15817676392 9.35118989462 9.04343862794 9.3207425966
840 9.14204343263 9.33541829446 9.08130489449 9.33268444285
841 9.25111042366 9.3296965558 9.13037196624 9.33416236975
842 9.20951712971 9.34673435406 9.08090317198 9.33844227078
843 9.22632363125 9.33063173755 9.09959653056 9.34476470787
844 9.218778805 9.3316841255 9.18010000145 9.3354842858
845 9.16820468206 9.32537677689 9.09642066518 9.33715314553
846 9.19484544094 9.33418513963 9.13970137954 9.32953896282
847 9.13245160358 9.33189628192 9.07088411839 9.33827928259
848 9.20675497334 9.33234661572 9.04599956057 9.34002103656
849 9.14029499229 9.33651765398 9.16019922816 9.33528667602
850 9.1978270255 9.33505373829 9.08301752251 9.3233232538
851 9.20121280135 9.34402901599 9.1231323284 9.33625823685
852 9.24025331409 9.32146555269 9.057635811 9.32735551854
853 9.24669800229 9.31551089281 9.10954620176 9.34360317921
854 9.19908098203 9.32862337144 9.08392811795 9.3472609848
855 9.18418873109 9.33123904178 9.06690988345 9.34155775263
856 9.147182076 9.33434534081 9.07987236476 9.33261919431
857 9.17285440977 9.34633319783 9.1729126799 9.32884807625
858 9.18562012378 9.34094514074 9.10241147073 9.33408332633
859 9.15156779713 9.33427553946 9.12061048473 9.34770622426
860 9.21664577615 9.3254013937 9.10179699941 9.33031487991
861 9.1607229409 9.32505996311 9.1335230848 9.34662554513
862 9.19733338667 9.32854786513 9.15791063585 9.35175922436
863 9.27960073381 9.33093052864 9.04611435023 9.3329237773
864 9.16069647573 9.3127373764 9.09396497185 9.33032202924
865 9.24757852403 9.32633457134 9.13245747962 9.34491298065
866 9.24143784925 9.3424300079 9.13552804393 9.32898369531
867 9.24093472317 9.34151699227 9.11264814353 9.32615805212
868 9.18970430716 9.33505815049 9.09696116059 9.34869856383
869 9.24614713228 9.34213126255 9.14065757849 9.33363751507
870 9.17578622347 9.3479261696 9.09196656145 9.33643889631
871 9.20427799254 9.32654913126 9.14841699879 9.3319825319
872 9.27941882278 9.33852065746 9.16831665857 9.33507632448
873 9.21918257319 9.33337858071 9.14183889789 9.32732386849
874 9.24481240933 9.32202951159 9.08210937504 9.33045058669
875 9.22934330713 9.34010532313 9.14516469352 9.32819285611
876 9.21202562312 9.33129085996 9.13492476632 9.32245994763
877 9.20074653856 9.33532799504 9.17788117965 9.34967270529
878 9.19097578359 9.32617949441 9.05785846159 9.32927906904
879 9.19616096207 9.33069215132 9.13030689032 9.33029193257
880 9.21052645283 9.34264885986 9.15310683316 9.34429341304
881 9.20563390722 9.32325157068 9.06509850523 9.33124523654
882 9.23275857979 9.33604934704 9.106991173 9.33133488929
883 9.20267469636 9.32743774778 9.15586852077 9.3302286873
884 9.26316200856 9.32935988708 9.15512134268 9.33350269133
885 9.20938002755 9.33406457887 9.11618691833 9.33228883224
886 9.19959711287 9.31479227566 9.10553367147 9.32819917086
887 9.16802643701 9.34060031967 9.1000308453 9.33441896339
888 9.25344868423 9.32548827624 9.16826812247 9.31803972191
889 9.27903957284 9.32402474193 9.12940839244 9.31752267285
890 9.21652982218 9.32966734577 9.08536206225 9.33057905526
891 9.22878884685 9.34131980083 9.09550031587 9.34260730753
892 9.24680474198 9.34405516487 9.10143425945 9.34476031479
893 9.18158576681 9.34110825962 9.15014614475 9.33173699452
894 9.23936129527 9.33647089902 9.14154768971 9.33230231031
895 9.25495512211 9.3340053423 9.17376181449 9.34241806303
896 9.23278380232 9.34470041556 9.07024029362 9.32130772144
897 9.26471286705 9.33161902202 9.13540135576 9.34188081009
898 9.21394038711 9.32665645818 9.13457951694 9.31053701794
899 9.21880749464 9.33303531626 9.15087371727 9.33332827231
900 9.25996148293 9.32761467538 9.17030571097 9.3358045448
901 9.26385101432 9.33738689176 9.12614986413 9.33632013164
902 9.20924306674 9.33226756735 9.14421394076 9.32867709634
903 9.23223535134 9.32641445942 9.18122821305 9.33843650719
904 9.21682506223 9.34284211384 9.14674153551 9.33442629839
905 9.24506137335 9.33975571477 9.13695364035 9.34119031239
906 9.21056325261 9.33445820318 9.14539999919 9.33663415828
907 9.25164774771 9.3423821525 9.16555658575 9.33583991428
908 9.23158626004 9.33989909573 9.15147228357 9.33822220749
909 9.2084178056 9.32744063638 9.13205145027 9.33887771483
910 9.19199572408 9.33413756631 9.10407565399 9.32055762381
911 9.20998373338 9.34422591677 9.13703972903 9.33637864387
912 9.27723944992 9.33829103826 9.13758602829 9.33000902123
913 9.23112751951 9.33439294367 9.15233026085 9.33657094645
914 9.24420631201 9.33951734032 9.14146761326 9.32956252676
915 9.26815936395 9.3431461975 9.13682241294 9.34132718044
916 9.17308978804 9.34347084956 9.14390881572 9.3425726901
917 9.24357001391 9.3409972336 9.15017878643 9.3252713338
918 9.2445643088 9.33164607225 9.13553188959 9.33687830373
919 9.20715493352 9.34105962037 9.1705192985 9.34148154753
920 9.21733267496 9.33090781958 9.18696157029 9.32283623645
921 9.22388496511 9.33692341867 9.1412694525 9.3435141039
922 9.24810005569 9.34599175925 9.16936899065 9.34474186168
923 9.25299213859 9.33442211889 9.17943139729 9.34410775035
924 9.20607012817 9.3297480994 9.1604595367 9.34273279159
925 9.26311179947 9.32348482717 9.18927410317 9.33760656059
926 9.2710405779 9.32705994261 9.14644200964 9.32773151215
927 9.20749645502 9.33743789141 9.08189369901 9.34128111415
928 9.16565395034 9.32558029473 9.13492453109 9.33015854654
929 9.24997380335 9.334772758 9.13529230114 9.33080825797
930 9.23092550871 9.34032142355 9.13028484778 9.33632965332
931 9.20964556852 9.33783088505 9.10217984102 9.34400019328
932 9.22910050367 9.33718028865 9.21811388193 9.33944437858
933 9.20366832107 9.34537488021 9.16472872589 9.33285960829
934 9.23866461271 9.34227125676 9.14712053289 9.3525995969
935 9.25788119239 9.33309604885 9.18032719468 9.34919890566
936 9.30134423069 9.3343076015 9.14323314306 9.33201880089
937 9.19559779306 9.32550358772 9.16309531705 9.35545339743
938 9.25118428956 9.32970428985 9.13473281115 9.34071679962
939 9.2124980347 9.34067680586 9.13247599657 9.32772043027
940 9.31586269052 9.32699166767 9.13080837167 9.33477433618
941 9.26397527657 9.32475086453 9.16615424819 9.34380507091
942 9.22728626411 9.33542961568 9.14612137314 9.32970302372
943 9.26311554862 9.34747965645 9.15955049429 9.32760236842
944 9.24364826745 9.33786223364 9.18219301266 9.3360482623
945 9.21780218097 9.33357500955 9.13496009631 9.33411698795
946 9.24894773521 9.32894881174 9.18608821992 9.33244971841
947 9.26321247776 9.33356086707 9.19899047793 9.34295132411
948 9.2969604572 9.32397224117 9.1500740492 9.32175515283
949 9.26691470049 9.33056431851 9.15417530752 9.34485858857
950 9.25748353453 9.34676896786 9.11847461134 9.34488731785
951 9.21642701674 9.3315327597 9.17422873132 9.34037032246
952 9.30757000991 9.35021090314 9.14745027866 9.32324992027
953 9.2549711465 9.33519047131 9.15207315017 9.32710954952
954 9.28254753443 9.34145192044 9.14544697169 9.34347456659
955 9.23599582076 9.33257973801 9.13821812266 9.33663815585
956 9.2521794198 9.34122712354 9.14641824276 9.33166526568
957 9.263970633 9.33772267156 9.1688971426 9.35053574746
958 9.29646377477 9.33823186482 9.17328266413 9.33543781723
959 9.29939465032 9.33110986592 9.1445834991 9.34188064933
960 9.25716433063 9.32961278296 9.17074159977 9.332290566
961 9.25829861002 9.3284853153 9.18290128627 9.32919624006
962 9.26558786907 9.32562285728 9.15125178042 9.32887313899
963 9.26215506463 9.34680813452 9.14149366695 9.33149638559
964 9.25233995906 9.33935919757 9.18464978213 9.33789141088
965 9.27073828308 9.33866745319 9.15667293797 9.3461263665
966 9.25857751193 9.34764411759 9.15418894476 9.34349935868
967 9.25975040001 9.33971286644 9.17225594667 9.33805253372
968 9.24684502203 9.33540785066 9.16704266559 9.34328903498
969 9.23125685365 9.33023051573 9.19265918306 9.33210998308
970 9.2182711658 9.34000453975 9.15241828396 9.33830408704
971 9.24334412155 9.34985047349 9.14499840194 9.32333746879
972 9.2756438746 9.32813233659 9.13703789412 9.33742862669
973 9.27181682383 9.33640980356 9.13486735038 9.31889213586
974 9.27176566431 9.33115646602 9.18416066491 9.33407001202
975 9.29780986248 9.32846222249 9.16851967343 9.33808828225
976 9.29713149451 9.33138532603 9.16247039799 9.33100629991
977 9.28366226872 9.32183945808 9.17178361553 9.33812232171
978 9.27633983026 9.34328040969 9.13700717955 9.335456338
979 9.21937249198 9.3372380542 9.15070670595 9.32959337978
980 9.30836406232 9.35193849779 9.18960755021 9.33678341218
981 9.23300127536 9.33253962691 9.16923322096 9.34222872736
982 9.27258677691 9.34220766858 9.14249083265 9.35614838283
983 9.30031031997 9.34575558739 9.18189097933 9.34311081973
984 9.2542236788 9.32775410204 9.15761214288 9.32866454583
985 9.27831559514 9.33547267351 9.18658318739 9.33449571832
986 9.29907842755 9.34077095557 9.17683001088 9.3381548692
987 9.22317477607 9.32201927949 9.17780559006 9.32955225558
988 9.26430609305 9.33810711004 9.19031240536 9.31789500337
989 9.30119538986 9.32601019276 9.09177298499 9.33643172814
990 9.27410523807 9.3218456638 9.10730652586 9.34714267595
991 9.26480999877 9.32914833812 9.17914048548 9.33466095036
992 9.27592685082 9.33960090049 9.1983748075 9.33000943906
993 9.28119774206 9.34097817605 9.17256578551 9.31531515491
994 9.30278842833 9.32575800225 9.19622815405 9.34237432219
995 9.23731893176 9.33718890093 9.16615543858 9.34583381727
996 9.30352426422 9.33678261241 9.17642708289 9.32201804959
997 9.29650615047 9.32583862914 9.18584105856 9.32897973874
998 9.29364295994 9.33917967978 9.1866905392 9.34645926101
999 9.26948538684 9.3314491104 9.19751509603 9.33128858991
